-0.05386850	-0.05332829	-0.05379132	-0.05337331	-0.05168838	-0.05092309	-0.05184916	-0.05310964	-0.05350836	-0.05272377	-0.05105171	-0.05127036	-0.05226074	-0.05226717	-0.05190060	-0.05149545	-0.04990699	-0.04926389	-0.04885873	-0.04816418	-0.04674936	-0.04567538	-0.04458210	-0.04409334	-0.04289717	-0.04335378
-0.05307748	-0.05364341	-0.05327041	-0.05266590	-0.05204852	-0.05208710	-0.05287169	-0.05285883	-0.05151474	-0.05088450	-0.05116104	-0.05285240	-0.05382991	-0.05344405	-0.05057581	-0.04788122	-0.04643424	-0.04730886	-0.04882658	-0.04860149	-0.04699374	-0.04469143	-0.04272354	-0.04143090	-0.04081996	-0.04182963
-0.05380419	-0.05438941	-0.05417075	-0.05299388	-0.05218357	-0.05253728	-0.05255657	-0.05161121	-0.04993914	-0.05088450	-0.05264660	-0.05368200	-0.05405500	-0.05256943	-0.04871082	-0.04741175	-0.04830566	-0.04975907	-0.05024140	-0.04900664	-0.04550174	-0.04292933	-0.04031190	-0.03971382	-0.03960449	-0.03995177
-0.05314179	-0.05374631	-0.05343119	-0.05251155	-0.05226717	-0.05285883	-0.05224788	-0.05132181	-0.05118676	-0.05172697	-0.05241509	-0.05269805	-0.05262088	-0.05253084	-0.05184916	-0.05217714	-0.05241509	-0.05200350	-0.04946325	-0.04715451	-0.04312226	-0.04021544	-0.03909644	-0.03984887	-0.04003537	-0.03947587
-0.05208067	-0.05292957	-0.05305176	-0.05240865	-0.05266590	-0.05283310	-0.05238936	-0.05146329	-0.05136683	-0.05201636	-0.05099383	-0.05038288	-0.05087164	-0.05180414	-0.05285883	-0.05309034	-0.05038288	-0.04756610	-0.04501298	-0.04379752	-0.04249845	-0.04108363	-0.04004180	-0.04026689	-0.03955947	-0.04035049
-0.05332829	-0.05354695	-0.05314822	-0.05290384	-0.05324469	-0.05327041	-0.05177198	-0.05065299	-0.05062083	-0.05087807	-0.04961116	-0.04922530	-0.05105814	-0.05254371	-0.05314179	-0.05083305	-0.04548888	-0.04273640	-0.04223478	-0.04402903	-0.04493581	-0.04457567	-0.04238269	-0.04086497	-0.03856910	-0.03804818
-0.05280095	-0.05378489	-0.05289741	-0.05304533	-0.05340546	-0.05260802	-0.05074302	-0.05050507	-0.05152761	-0.05026069	-0.04808058	-0.04856934	-0.05070443	-0.05185559	-0.05077518	-0.04756610	-0.04346954	-0.04187464	-0.04367533	-0.04620915	-0.04770758	-0.04586831	-0.04197111	-0.03798387	-0.03416385	-0.03226027
-0.05231862	-0.05304533	-0.05267876	-0.05340546	-0.05386850	-0.05265946	-0.05128966	-0.05191347	-0.05232505	-0.04932820	-0.04649212	-0.04736030	-0.04962402	-0.05018995	-0.04972692	-0.04787479	-0.04555962	-0.04436988	-0.04473002	-0.04600336	-0.04451136	-0.04049197	-0.03515423	-0.03101908	-0.02735340	-0.02624726
-0.05221572	-0.05323826	-0.05334115	-0.05327041	-0.05305176	-0.05248583	-0.05267876	-0.05314179	-0.05055652	-0.04593262	-0.04329590	-0.04449850	-0.04678794	-0.04732172	-0.04810630	-0.04737317	-0.04456924	-0.04314798	-0.04186178	-0.04129585	-0.03946944	-0.03535359	-0.02880038	-0.02375203	-0.02162336	-0.02238222
-0.05125750	-0.05300674	-0.05279452	-0.05298745	-0.05265303	-0.05273021	-0.05309677	-0.05180414	-0.04664003	-0.04341809	-0.04327661	-0.04512874	-0.04610625	-0.04682653	-0.04714165	-0.04589403	-0.04136659	-0.03802246	-0.03600312	-0.03498059	-0.03406738	-0.03099335	-0.02473597	-0.01889017	-0.01759111	-0.02197063
-0.05114817	-0.05291671	-0.05332829	-0.05357910	-0.05353408	-0.05399069	-0.05355981	-0.05062726	-0.04659501	-0.04533453	-0.04645996	-0.04642137	-0.04446634	-0.04406119	-0.04444062	-0.04241485	-0.03705138	-0.03330209	-0.03130204	-0.03120558	-0.03099979	-0.02893543	-0.02194491	-0.01582258	-0.01390613	-0.01871010
-0.05136683	-0.05288455	-0.05316108	-0.05354695	-0.05366914	-0.05363698	-0.05199064	-0.04989413	-0.04858863	-0.04947611	-0.04964975	-0.04606767	-0.03945015	-0.03845977	-0.04049840	-0.04047911	-0.03791956	-0.03453685	-0.03103194	-0.02936631	-0.02774569	-0.02521187	-0.01702518	-0.00997035	-0.00612460	-0.01015042
-0.05039575	-0.05290384	-0.05289098	-0.05285240	-0.05270448	-0.05175912	-0.05069800	-0.05023497	-0.05123821	-0.05130895	-0.04674293	-0.04023473	-0.03351432	-0.03239532	-0.03510278	-0.03859482	-0.03842762	-0.03622177	-0.02980362	-0.02456876	-0.01827280	-0.01414408	-0.00678699	0.00126465	0.00558629	0.00259587
-0.04964332	-0.05277522	-0.05246653	-0.05273664	-0.05209353	-0.05034430	-0.05006133	-0.05152117	-0.05216428	-0.04981052	-0.04291004	-0.03770734	-0.03195158	-0.02820872	-0.02804795	-0.03094191	-0.03093548	-0.02849169	-0.02046577	-0.01391256	-0.00702494	-0.00285121	0.00404928	0.01116199	0.01525855	0.01201088
-0.05021568	-0.05319324	-0.05213212	-0.05172697	-0.05062083	-0.04966904	-0.05111602	-0.05255014	-0.05070443	-0.04637636	-0.04190680	-0.03981028	-0.03358506	-0.02267804	-0.01328875	-0.01234982	-0.01438846	-0.01286431	-0.00672268	-0.00241390	0.00159263	0.00469881	0.00976646	0.01496272	0.01873773	0.01702708
-0.04927032	-0.05256943	-0.05230576	-0.05132181	-0.04972049	-0.04918671	-0.05150831	-0.05166266	-0.04775260	-0.04381681	-0.04233124	-0.04136016	-0.02896115	-0.00752656	0.01068609	0.01129704	0.00442228	0.00079518	0.00068585	0.00101384	0.00281452	0.00516185	0.00997868	0.01567013	0.02040980	0.02038407
-0.04856290	-0.05208710	-0.05171410	-0.05114174	-0.04928961	-0.05058224	-0.05252441	-0.05046649	-0.04447277	-0.04149521	-0.04146306	-0.03790670	-0.01525665	0.01458972	0.03580566	0.03228789	0.01532929	0.00365056	-0.00223383	-0.00212450	-0.00014375	0.00348978	0.00941275	0.01538074	0.02293719	0.02470572
-0.04861435	-0.05223502	-0.05202279	-0.05118676	-0.05031214	-0.05123821	-0.05301317	-0.04926389	-0.04173316	-0.03849193	-0.03725717	-0.02840165	-0.00105695	0.02657071	0.04593452	0.03751631	0.01345786	-0.00137850	-0.01090285	-0.00997678	-0.00162931	0.00577922	0.01476979	0.02227479	0.03147758	0.03522687
-0.04742461	-0.05180414	-0.05199707	-0.05119962	-0.05006776	-0.05127680	-0.05285883	-0.04930247	-0.04172673	-0.03651760	-0.03193228	-0.01928247	0.00614579	0.03043576	0.04154856	0.02995986	0.00657667	-0.00942371	-0.01685797	-0.01227908	0.00302032	0.01707210	0.02911740	0.03567704	0.04457757	0.04990246
-0.04757896	-0.05274950	-0.05245367	-0.05141185	-0.05061440	-0.05109030	-0.05179771	-0.04914170	-0.04348240	-0.03775879	-0.02829233	-0.01374536	0.00831305	0.02543885	0.03030714	0.01926507	0.00168266	-0.00944300	-0.01357815	-0.00560368	0.01547077	0.03518828	0.05009539	0.05454566	0.06098954	0.06595429
-0.04597763	-0.05179128	-0.05190060	-0.05164336	-0.05114174	-0.05106457	-0.05095524	-0.04975907	-0.04596477	-0.04033120	-0.02933415	-0.01443991	0.00464093	0.01577946	0.01827470	0.01145138	0.00238364	-0.00220810	-0.00211807	0.00722620	0.03091165	0.05297006	0.06700254	0.06905404	0.07190941	0.07500916
-0.04557891	-0.05199064	-0.05175912	-0.05143114	-0.05137969	-0.05204852	-0.05103242	-0.04954685	-0.04793910	-0.04463355	-0.03409954	-0.02092881	-0.00524998	0.00341261	0.00663455	0.00591427	0.00534834	0.00613293	0.00777927	0.01707853	0.03944562	0.06253941	0.07662978	0.07688702	0.07527927	0.07728575
-0.04473645	-0.05161764	-0.05180414	-0.05155333	-0.05149545	-0.05215141	-0.05092309	-0.04854361	-0.04805485	-0.04697444	-0.03984887	-0.02938560	-0.01732744	-0.00979028	-0.00438179	-0.00148783	0.00307176	0.00782429	0.01129061	0.01954804	0.04217880	0.06577422	0.08064917	0.07923435	0.07288050	0.06982576
-0.04325731	-0.05163050	-0.05223502	-0.05194562	-0.05127036	-0.05253728	-0.05204209	-0.04901951	-0.04781691	-0.04752751	-0.04301936	-0.03615103	-0.02620868	-0.01953328	-0.01427913	-0.00883206	-0.00142995	0.00520043	0.01100121	0.02114936	0.04354861	0.06607005	0.07986459	0.07580018	0.06348478	0.05727241
-0.04422197	-0.05154047	-0.05197778	-0.05200993	-0.05171410	-0.05205495	-0.05217714	-0.04929604	-0.04740532	-0.04685225	-0.04492295	-0.04072349	-0.03287764	-0.02566847	-0.01899950	-0.01290932	-0.00603456	-0.00030452	0.00633872	0.01724573	0.03781857	0.05853932	0.07043671	0.06399283	0.04812107	0.04010801
-0.04725741	-0.05173983	-0.05268519	-0.05285883	-0.05231862	-0.05228647	-0.05239579	-0.05075588	-0.04787479	-0.04693586	-0.04604194	-0.04272354	-0.03553366	-0.02855600	-0.02130181	-0.01566180	-0.01070348	-0.00734006	-0.00249750	0.00680176	0.02537454	0.04448111	0.05435916	0.04858410	0.03424292	0.02788907
