-0.05273021	-0.05264660	-0.05234434	-0.05253728	-0.05202279	-0.05174626	-0.05184273	-0.05178485	-0.05211283	-0.05237650	-0.05248583	-0.05222216	-0.05238293	-0.05285883	-0.05273021	-0.05233791	-0.05224788	-0.05214498	-0.05199707	-0.05156619	-0.05161121	-0.05139255	-0.05051150	-0.04968833	-0.04926389	-0.04907739	-0.04928318	-0.04941823	-0.04988126	-0.05017709	-0.05038931	-0.04954042	-0.04959187	-0.05012564
-0.05218357	-0.05202922	-0.05270448	-0.05270448	-0.05269162	-0.05240865	-0.05225431	-0.05222216	-0.05201636	-0.05220929	-0.05222859	-0.05228647	-0.05267876	-0.05283953	-0.05231862	-0.05217714	-0.05190704	-0.05152117	-0.05150188	-0.05171410	-0.05128323	-0.05104528	-0.05015780	-0.04921244	-0.04748892	-0.04752751	-0.04809344	-0.04801627	-0.04777189	-0.04831853	-0.04846001	-0.04868509	-0.04916742	-0.04947611
-0.05229933	-0.05231862	-0.05255014	-0.05284596	-0.05246653	-0.05233791	-0.05233148	-0.05234434	-0.05249226	-0.05285883	-0.05247297	-0.05208710	-0.05205495	-0.05219643	-0.05206781	-0.05224788	-0.05217071	-0.05134754	-0.05103242	-0.05089093	-0.05035073	-0.04976551	-0.04947611	-0.04858220	-0.04733458	-0.04645996	-0.04608696	-0.04564322	-0.04501941	-0.04550817	-0.04702589	-0.04776546	-0.04849859	-0.04964975
-0.05263374	-0.05235721	-0.05235721	-0.05246653	-0.05224788	-0.05241509	-0.05227360	-0.05240865	-0.05179771	-0.05209997	-0.05231219	-0.05240222	-0.05223502	-0.05170124	-0.05156619	-0.05128966	-0.05162407	-0.05074945	-0.05043433	-0.04998416	-0.04919958	-0.04805485	-0.04674293	-0.04620915	-0.04450493	-0.04406762	-0.04417052	-0.04388112	-0.04363031	-0.04358529	-0.04465284	-0.04572039	-0.04709663	-0.04939251
-0.05234434	-0.05222859	-0.05243438	-0.05267876	-0.05296815	-0.05247297	-0.05226717	-0.05224788	-0.05230576	-0.05223502	-0.05199707	-0.05213855	-0.05208710	-0.05186845	-0.05249226	-0.05164336	-0.05073659	-0.04970763	-0.05009992	-0.04993271	-0.04883301	-0.04631848	-0.04197111	-0.03871058	-0.03873630	-0.04105147	-0.04223478	-0.04152094	-0.04080709	-0.04115437	-0.04080709	-0.04186178	-0.04482648	-0.04775260
-0.05222216	-0.05231219	-0.05269805	-0.05290384	-0.05280738	-0.05244081	-0.05220286	-0.05210640	-0.05228003	-0.05249869	-0.05237007	-0.05229933	-0.05235078	-0.05253728	-0.05216428	-0.05178485	-0.05128966	-0.05045362	-0.05004847	-0.04930247	-0.04640208	-0.04225407	-0.03812536	-0.03649188	-0.03557867	-0.03689703	-0.03905142	-0.03798387	-0.03648545	-0.03794529	-0.03824112	-0.03835687	-0.04306438	-0.04511588
-0.05221572	-0.05236364	-0.05231862	-0.05195848	-0.05198421	-0.05240865	-0.05220929	-0.05221572	-0.05191990	-0.05173983	-0.05146973	-0.05169481	-0.05184916	-0.05142471	-0.05134754	-0.05153404	-0.05024783	-0.04914170	-0.04760468	-0.04701303	-0.04404190	-0.03970096	-0.03489055	-0.03244033	-0.03023449	-0.03050460	-0.03053032	-0.02973931	-0.02957210	-0.03339213	-0.03665908	-0.03843405	-0.04164313	-0.04132157
-0.05218357	-0.05226074	-0.05208067	-0.05251155	-0.05205495	-0.05197135	-0.05191347	-0.05212569	-0.05211926	-0.05207424	-0.05195848	-0.05172054	-0.05119962	-0.05059511	-0.04927675	-0.04883301	-0.04835068	-0.04647925	-0.04340523	-0.04235697	-0.03910287	-0.03345644	-0.02492890	-0.02344977	-0.02172625	-0.02145615	-0.02366199	-0.01996415	-0.02134039	-0.02922482	-0.03326994	-0.03535359	-0.03859482	-0.03541147
-0.05161764	-0.05175912	-0.05222216	-0.05282667	-0.05284596	-0.05252441	-0.05223502	-0.05261445	-0.05249226	-0.05234434	-0.05262731	-0.05233148	-0.05164979	-0.04981052	-0.04847287	-0.04718667	-0.04608696	-0.04215118	-0.03657548	-0.03370725	-0.03150784	-0.02087093	-0.00910859	-0.01069062	-0.01409263	-0.01508944	-0.01669720	-0.01421482	-0.01471644	-0.02537264	-0.03242104	-0.03274259	-0.03432462	-0.02716047
-0.05204209	-0.05247297	-0.05301960	-0.05292314	-0.05247940	-0.05249869	-0.05283310	-0.05250512	-0.05190704	-0.05194562	-0.05111602	-0.05139255	-0.05116104	-0.05030571	-0.04869152	-0.04775260	-0.04359816	-0.03883277	-0.03067823	-0.02597073	-0.02169410	-0.00929509	0.01303342	0.01329066	0.00177913	-0.00249750	-0.00400879	-0.00355862	-0.00557796	-0.01950112	-0.03084544	-0.03205447	-0.02694824	-0.01323731
-0.05119319	-0.05139898	-0.05219643	-0.05233791	-0.05213212	-0.05230576	-0.05261445	-0.05193919	-0.05197135	-0.05143114	-0.05121249	-0.05112888	-0.04972049	-0.04894233	-0.04708377	-0.04455638	-0.03932153	-0.03538574	-0.02701898	-0.02200922	-0.01270996	0.00746415	0.03720762	0.03333615	0.01618462	0.01422315	0.00961854	0.00829375	-0.00050388	-0.01943681	-0.02826017	-0.02901260	-0.01939179	0.00400426
-0.05114174	-0.05183629	-0.05200350	-0.05194562	-0.05165623	-0.05177841	-0.05145686	-0.05122535	-0.05130895	-0.05022211	-0.05042790	-0.04877513	-0.04656286	-0.04551460	-0.04262064	-0.03763017	-0.03151427	-0.02869105	-0.01871010	-0.00827256	0.00062154	0.02237126	0.05970333	0.04940084	0.02371534	0.03309820	0.02570253	0.01651903	0.00116175	-0.02375846	-0.02720548	-0.02474883	-0.01371320	0.02156738
-0.05139898	-0.05199707	-0.05202922	-0.05236364	-0.05250512	-0.05258229	-0.05160478	-0.05147616	-0.05083305	-0.05054366	-0.04937964	-0.04743104	-0.04664003	-0.04418338	-0.03698707	-0.02851098	-0.02171982	-0.01977122	-0.01034978	0.00600431	0.01605599	0.03277665	0.07142065	0.05558748	0.02422982	0.04434606	0.03918838	0.02002393	-0.00119843	-0.02773283	-0.02717333	-0.02411859	-0.01565537	0.02705947
-0.05121892	-0.05163693	-0.05148902	-0.05199064	-0.05202922	-0.05159192	-0.05160478	-0.05182986	-0.05065942	-0.05051150	-0.04836997	-0.04842142	-0.04471715	-0.03978456	-0.03172006	-0.02506395	-0.01635635	-0.01433701	-0.00311488	0.01775378	0.03444872	0.05300864	0.08929889	0.06711830	0.03149688	0.05635920	0.05455852	0.02293076	-0.00636254	-0.03451112	-0.02832448	-0.02102527	-0.02271020	0.02002393
-0.05077518	-0.05108386	-0.05133467	-0.05161121	-0.05134754	-0.05154690	-0.05202279	-0.05123178	-0.05071087	-0.04878799	-0.04823492	-0.04595834	-0.02954638	-0.02045934	-0.00512136	0.00085949	0.00681462	0.00151546	0.00949635	0.03570920	0.05221763	0.06974859	0.11776902	0.09603860	0.05158739	0.07023092	0.06694466	0.02880228	-0.00994462	-0.03445968	-0.03193871	-0.01664575	-0.02928270	-0.01299936
-0.05114817	-0.05136040	-0.05143114	-0.05172697	-0.05154690	-0.05158548	-0.05164336	-0.05103885	-0.05146329	-0.04851789	-0.04904523	-0.03047244	0.00199778	0.03141970	0.07518923	0.08229551	0.06738197	0.03198563	0.01117485	0.03480242	0.05619200	0.06969714	0.13038026	0.12929341	0.07160072	0.06668099	0.06693180	0.03375416	-0.01591904	-0.02717333	-0.03538574	-0.02373273	-0.02742414	-0.03298697
-0.05145686	-0.05159835	-0.05177198	-0.05173983	-0.05112888	-0.05101312	-0.05106457	-0.05069800	-0.05083949	-0.04644710	-0.04772687	-0.01428556	0.03183129	0.08931819	0.17373177	0.15548696	0.10524783	0.04896353	0.00986292	0.02950969	0.05830780	0.07356862	0.13465045	0.15367341	0.08738888	0.05239769	0.06717618	0.04460330	-0.01994486	-0.01943681	-0.02939203	-0.03336640	-0.02784859	-0.03582948
-0.05100669	-0.05112888	-0.05147616	-0.05096811	-0.05087164	-0.05114174	-0.05105814	-0.05046649	-0.04988126	-0.04494224	-0.04581686	-0.00168076	0.05041694	0.11820633	0.21254941	0.19179008	0.11546672	0.06250083	0.01586950	0.03388922	0.06856528	0.07924721	0.12329970	0.14168599	0.08345953	0.04671267	0.07954947	0.05828851	-0.01501227	-0.01218905	-0.02364270	-0.03277475	-0.02636945	-0.03247892
-0.05093595	-0.05140542	-0.05141185	-0.05176555	-0.05168195	-0.05101955	-0.05031857	-0.05018352	-0.05024783	-0.04481362	-0.04606124	-0.01029833	0.03824945	0.07004442	0.15521686	0.14739031	0.08742104	0.05061630	0.01111054	0.02522020	0.05398616	0.06781928	0.08212830	0.09010277	0.06306676	0.05465498	0.09516398	0.06907976	0.00135468	-0.00643972	-0.01935321	-0.01716666	-0.01595763	-0.02152689
-0.05010635	-0.05113531	-0.05175912	-0.05201636	-0.05136683	-0.05085235	-0.05119962	-0.05043433	-0.04974621	-0.04479433	-0.04467857	-0.03025379	0.00423578	0.01009444	0.03919481	0.04678341	0.02617842	0.00902046	-0.00720501	0.00050579	0.02986983	0.04488626	0.04553580	0.03989579	0.03796005	0.05770329	0.08813488	0.06297672	0.01900140	-0.00097335	-0.01820849	0.00035787	-0.00420172	-0.01631133
-0.04930247	-0.05130252	-0.05132824	-0.05154690	-0.05139255	-0.05082019	-0.05139255	-0.05061440	-0.05013207	-0.04623487	-0.04181676	-0.04385540	-0.02477456	-0.02236936	-0.01387398	-0.02313465	-0.02291599	-0.02413146	-0.02084520	-0.01361674	0.00613293	0.01783739	0.00947063	0.00217142	0.01754799	0.04614031	0.05576112	0.03358053	0.01654475	-0.00647187	-0.01923745	0.00057653	-0.01094143	-0.02887755
-0.04824778	-0.05156619	-0.05142471	-0.05154690	-0.05136683	-0.05082019	-0.05078161	-0.05077518	-0.05011921	-0.04883301	-0.04173316	-0.04053056	-0.04402903	-0.04293576	-0.04167528	-0.04212545	-0.03761088	-0.03102551	-0.02847239	-0.02468452	-0.01643995	-0.01562965	-0.02335973	-0.02718619	-0.01090285	0.00812655	0.00329042	-0.00867128	-0.00451684	-0.02014422	-0.02207353	-0.01296077	-0.02595787	-0.04130871
-0.04879442	-0.05163050	-0.05116104	-0.05116104	-0.05137326	-0.05124464	-0.05061440	-0.05088450	-0.05077518	-0.04996487	-0.04701946	-0.04190680	-0.04183606	-0.04373964	-0.04557891	-0.04623487	-0.04184892	-0.04009325	-0.03873630	-0.03878775	-0.03270401	-0.03116056	-0.03301913	-0.03628609	-0.02825374	-0.02301889	-0.02760421	-0.02395139	-0.01946253	-0.02812512	-0.02725050	-0.02676817	-0.03206734	-0.04110292
-0.04663360	-0.05118033	-0.05120605	-0.05126393	-0.05123821	-0.05130895	-0.05060154	-0.04961759	-0.05132824	-0.05060154	-0.04963045	-0.04827351	-0.04460140	-0.04271068	-0.04552746	-0.04632491	-0.04710306	-0.04673006	-0.04653070	-0.04501298	-0.04002251	-0.03345644	-0.03202875	-0.03472335	-0.03497416	-0.03389375	-0.03513493	-0.02749488	-0.02706400	-0.03096763	-0.03106410	-0.03431176	-0.03678127	-0.04179104
-0.04882015	-0.05126393	-0.05132181	-0.05136040	-0.05143114	-0.05150188	-0.05146329	-0.05049864	-0.05018352	-0.05137969	-0.05059511	-0.05092309	-0.05082662	-0.05047935	-0.04928318	-0.04940537	-0.04940537	-0.04949540	-0.04971406	-0.04943109	-0.04555319	-0.04303223	-0.04245987	-0.04475574	-0.04405476	-0.04346954	-0.04068490	-0.03606100	-0.03579090	-0.03674269	-0.03770091	-0.04159811	-0.04329590	-0.04474288
-0.04865937	-0.05168195	-0.05121892	-0.05094881	-0.05101312	-0.05112888	-0.05118676	-0.05090380	-0.05062726	-0.05060154	-0.05123821	-0.05121892	-0.05179128	-0.05188774	-0.05133467	-0.05154690	-0.05104528	-0.05107100	-0.04963045	-0.04791980	-0.04582329	-0.04528951	-0.04719953	-0.04929604	-0.04952756	-0.04828637	-0.04653070	-0.04391971	-0.04352741	-0.04530238	-0.04429914	-0.04492938	-0.04653070	-0.04653070
-0.04878156	-0.05177198	-0.05223502	-0.05225431	-0.05205495	-0.05220286	-0.05183629	-0.05199707	-0.05193276	-0.05166266	-0.05116747	-0.05101312	-0.05044719	-0.05103885	-0.05070443	-0.04984911	-0.05013850	-0.05019638	-0.05031857	-0.05004204	-0.04945039	-0.04844715	-0.04932820	-0.05027999	-0.04975264	-0.04884587	-0.04919314	-0.04784906	-0.04788765	-0.04899378	-0.04699374	-0.04718667	-0.04809987	-0.04761754
-0.04963688	-0.05157262	-0.05173340	-0.05219643	-0.05209997	-0.05185559	-0.05198421	-0.05231219	-0.05177198	-0.05135397	-0.05058224	-0.04978480	-0.05018995	-0.05031214	-0.05065299	-0.05110959	-0.05053723	-0.05066585	-0.05153404	-0.05161764	-0.05137326	-0.05065942	-0.05031857	-0.05091666	-0.05057581	-0.05029285	-0.04991342	-0.04905809	-0.04974621	-0.04976551	-0.04847930	-0.04778475	-0.04886516	-0.04898735
-0.05099383	-0.05248583	-0.05246653	-0.05226074	-0.05202279	-0.05169481	-0.05155976	-0.05178485	-0.05179771	-0.05146973	-0.05173340	-0.05172697	-0.05041504	-0.05017066	-0.05150188	-0.05205495	-0.05147616	-0.05069800	-0.05114817	-0.05096811	-0.05140542	-0.05114817	-0.05136040	-0.05128323	-0.05101312	-0.05124464	-0.05121892	-0.05046006	-0.05033144	-0.05030571	-0.04944395	-0.04934749	-0.05030571	-0.05058224
-0.05065942	-0.05198421	-0.05195205	-0.05208067	-0.05186202	-0.05203566	-0.05161764	-0.05190060	-0.05199707	-0.05161121	-0.05122535	-0.05168838	-0.05195205	-0.05189417	-0.05218357	-0.05234434	-0.05157262	-0.05128323	-0.05125107	-0.05188131	-0.05212569	-0.05148902	-0.05123821	-0.05092952	-0.05076231	-0.05108386	-0.05146973	-0.05114817	-0.05121249	-0.05101955	-0.05099383	-0.05089736	-0.05089736	-0.05110959
-0.05117390	-0.05141828	-0.05194562	-0.05150188	-0.05177841	-0.05142471	-0.05179771	-0.05197135	-0.05192633	-0.05145043	-0.05161764	-0.05183629	-0.05156619	-0.05171410	-0.05195205	-0.05180414	-0.05190704	-0.05161764	-0.05089736	-0.05151474	-0.05182986	-0.05177198	-0.05181057	-0.05171410	-0.05147616	-0.05204209	-0.05220286	-0.05216428	-0.05184273	-0.05169481	-0.05152117	-0.05123178	-0.05124464	-0.05150188
-0.05153404	-0.05161121	-0.05172054	-0.05134754	-0.05174626	-0.05229290	-0.05188131	-0.05192633	-0.05172054	-0.05163050	-0.05159835	-0.05188131	-0.05231219	-0.05151474	-0.05115461	-0.05133467	-0.05202922	-0.05224788	-0.05165623	-0.05188131	-0.05137969	-0.05179771	-0.05178485	-0.05186845	-0.05185559	-0.05217071	-0.05129609	-0.05139255	-0.05158548	-0.05176555	-0.05213855	-0.05175912	-0.05166266	-0.05156619
-0.05177841	-0.05166266	-0.05143114	-0.05171410	-0.05203566	-0.05168838	-0.05117390	-0.05168195	-0.05174626	-0.05130252	-0.05081376	-0.05089736	-0.05123821	-0.05140542	-0.05136683	-0.05112245	-0.05158548	-0.05166266	-0.05186202	-0.05198421	-0.05161121	-0.05125107	-0.05166266	-0.05126393	-0.05142471	-0.05181700	-0.05199707	-0.05213212	-0.05207424	-0.05229290	-0.05257586	-0.05223502	-0.05196491	-0.05200350
-0.05193276	-0.05146329	-0.05200993	-0.05186845	-0.05141828	-0.05155333	-0.05168195	-0.05128966	-0.05190060	-0.05242152	-0.05204852	-0.05166266	-0.05172697	-0.05170767	-0.05180414	-0.05155333	-0.05162407	-0.05200350	-0.05209997	-0.05224145	-0.05229933	-0.05222859	-0.05175912	-0.05202279	-0.05154047	-0.05182986	-0.05214498	-0.05203566	-0.05222216	-0.05237650	-0.05229933	-0.05235721	-0.05222859	-0.05220929
