-0.02999655	-0.03158501	-0.03162359	-0.03185511	-0.03199016	-0.03150784	-0.03170077	-0.03178437	-0.03192585	-0.03204804	-0.03190656	-0.03151427	-0.03186154	-0.03183582	-0.03231171	-0.03242747	-0.03254323	-0.03176508	-0.03204804	-0.03172006	-0.03103837	-0.03099335	-0.03083258	-0.03053675	-0.03056891	-0.03065894	-0.03113484	-0.03164932	-0.03121844	-0.03130847	-0.03174578
-0.03144996	-0.03148854	-0.03133420	-0.03157215	-0.03109625	-0.03152713	-0.03234387	-0.03244033	-0.03227313	-0.03215094	-0.03193871	-0.03168147	-0.03205447	-0.03231815	-0.03238246	-0.03219596	-0.03181653	-0.03199659	-0.03206734	-0.03204804	-0.03159787	-0.03116699	-0.03110911	-0.03141780	-0.03157215	-0.03156572	-0.03192585	-0.03188727	-0.03195801	-0.03197087	-0.03175865
-0.03172649	-0.03192585	-0.03160430	-0.03164932	-0.03182296	-0.03166861	-0.03193228	-0.03247892	-0.03248535	-0.03279404	-0.03267185	-0.03266542	-0.03263970	-0.03231815	-0.03256252	-0.03212521	-0.03179723	-0.03195158	-0.03191299	-0.03150141	-0.03173935	-0.03168147	-0.03195158	-0.03083901	-0.03052389	-0.02990008	-0.03056248	-0.03135349	-0.03114127	-0.03094834	-0.03119915
-0.03125060	-0.03130847	-0.03098692	-0.03106410	-0.03134063	-0.03155928	-0.03149497	-0.03170077	-0.03189370	-0.03199659	-0.03146282	-0.03193871	-0.03181653	-0.03171363	-0.03152070	-0.03143066	-0.03121844	-0.03109625	-0.03021520	-0.02986150	-0.02990008	-0.02977789	-0.02975860	-0.02957853	-0.02880681	-0.02856886	-0.02935988	-0.03012517	-0.03022163	-0.03003513	-0.03103837
-0.03158501	-0.03147568	-0.03132777	-0.03080042	-0.03131491	-0.03197087	-0.03217023	-0.03153999	-0.03103837	-0.03062036	-0.03087760	-0.03041456	-0.02939846	-0.02917338	-0.02972001	-0.02967500	-0.02925698	-0.02887755	-0.02818943	-0.02779714	-0.02738555	-0.02748845	-0.02797721	-0.02926341	-0.02878751	-0.02852384	-0.02871034	-0.02876822	-0.02766852	-0.02620224	-0.02773283
-0.03142423	-0.03151427	-0.03145639	-0.03161073	-0.03184225	-0.03211235	-0.03217666	-0.03162359	-0.03090332	-0.02995796	-0.02829876	-0.02674888	-0.02551412	-0.02577780	-0.02604147	-0.02652380	-0.02685821	-0.02736626	-0.02800293	-0.02795791	-0.02822802	-0.02869748	-0.02979718	-0.03009944	-0.03004799	-0.02946277	-0.02869748	-0.02698683	-0.02426008	-0.02274235	-0.02386778
-0.03022163	-0.03099979	-0.03125703	-0.03106410	-0.03130847	-0.03196444	-0.03157215	-0.03098049	-0.02948850	-0.02743057	-0.02516685	-0.02164265	-0.02116675	-0.02089665	-0.02196420	-0.02361697	-0.02521830	-0.02665242	-0.02685178	-0.02651736	-0.02862031	-0.02896115	-0.02993867	-0.03055605	-0.03054961	-0.03026022	-0.02860102	-0.02485816	-0.01891590	-0.01423411	-0.01625345
-0.03219596	-0.03164289	-0.03145639	-0.03139208	-0.03141780	-0.03157858	-0.03116056	-0.03011231	-0.02796434	-0.02409930	-0.01851717	-0.01582258	-0.01334020	-0.01326946	-0.01215046	-0.01591261	-0.01894805	-0.02042719	-0.01327589	-0.01237555	-0.01189322	-0.01844643	-0.02050436	-0.02399640	-0.02679390	-0.03017662	-0.03081329	-0.02698040	-0.01670363	-0.00967452	-0.01204757
-0.02935988	-0.03059463	-0.03137922	-0.03175865	-0.03230528	-0.03155285	-0.03027951	-0.02797721	-0.02488388	-0.01789337	-0.01081281	-0.00442681	-0.00148140	0.00703970	0.01655761	0.01532929	0.00385635	0.00071801	0.01291766	0.03113031	0.02669290	0.01568943	0.00505895	-0.00408596	-0.01418910	-0.02281953	-0.02808653	-0.02810583	-0.01944324	-0.00856838	-0.00882563
-0.03132134	-0.03114127	-0.03122487	-0.03099335	-0.03092261	-0.03065894	-0.02876179	-0.02671673	-0.02132110	-0.01197683	-0.00188655	0.00493676	0.02334877	0.05198611	0.09949206	0.09709329	0.08235339	0.06736268	0.08596762	0.10165288	0.09639874	0.06421148	0.03365127	0.01689846	-0.00126918	-0.01220191	-0.02368128	-0.02976503	-0.02344977	-0.01242700	-0.00896711
-0.02818943	-0.03074255	-0.03120558	-0.03142423	-0.03113484	-0.02975217	-0.02818943	-0.02548197	-0.01934678	-0.00780952	0.00377274	0.02562535	0.07574230	0.20263278	0.32349739	0.38070775	0.30996652	0.21432437	0.20661358	0.23289073	0.21265874	0.14170528	0.09416075	0.05238483	0.02676364	0.00399140	-0.00896711	-0.02418290	-0.02812512	-0.01971334	-0.01346239
-0.03125703	-0.03130847	-0.03196444	-0.03196444	-0.03106410	-0.02962355	-0.02833734	-0.02618295	-0.01923745	-0.00823397	0.00875679	0.04053246	0.15209138	0.33604431	0.60588352	0.69473451	0.55982455	0.39361481	0.32026258	0.34461043	0.30461591	0.21694180	0.12621939	0.08706733	0.04238460	0.02156738	0.00723263	-0.00791242	-0.02499321	-0.02546268	-0.01699302
-0.02925055	-0.03132777	-0.03197730	-0.03159144	-0.03042743	-0.02899974	-0.02910263	-0.02771997	-0.02310249	-0.01015042	0.00640946	0.04987030	0.16812392	0.47927601	0.78873674	0.95827132	0.78823512	0.48349476	0.38883656	0.37575586	0.33406998	0.21495461	0.14850287	0.08986482	0.05130442	0.02400474	0.01773449	0.00311678	-0.01293505	-0.01848502	-0.01245915
-0.03085830	-0.03170720	-0.03139208	-0.03060106	-0.02932772	-0.02936631	-0.02925698	-0.02950136	-0.02631800	-0.01327589	0.01536144	0.05949754	0.19142351	0.45124962	0.79388799	0.89425050	0.66809722	0.45276734	0.29888587	0.30380560	0.25446681	0.17213688	0.10864340	0.08828279	0.05425626	0.03598573	0.03043576	0.02147735	0.00315537	-0.00468405	-0.00300555
-0.02294172	-0.03198373	-0.03185511	-0.03126989	-0.03070396	-0.03047244	-0.03080686	-0.03135992	-0.02836307	-0.01415051	0.01309773	0.05956185	0.13804603	0.34907999	0.54165691	0.61534998	0.43331350	0.18506966	0.14272139	0.17632347	0.15549339	0.10596167	0.09319609	0.08470714	0.06356195	0.04349073	0.04244891	0.03568990	0.02055128	0.00637088	0.00192704
-0.02892900	-0.03143710	-0.03137279	-0.03137279	-0.03060749	-0.03050460	-0.03122487	-0.03163646	-0.03044672	-0.02049150	0.00815870	0.03840379	0.07733719	0.12940274	0.21211210	0.18507609	0.09226359	0.02287931	0.04877060	0.09288097	0.09681033	0.08285501	0.08635992	0.08322158	0.06065513	0.04869343	0.04478980	0.04044243	0.02525879	0.01045458	-0.00511493
-0.01570039	-0.03179080	-0.03190656	-0.03161716	-0.03108982	-0.03031810	-0.03097406	-0.03181653	-0.03115413	-0.02375203	-0.00345572	0.02998559	0.04832686	0.05609553	0.03967714	0.01609458	-0.02149474	-0.00373869	0.04541361	0.08180032	0.07565870	0.06733053	0.06959425	0.06013421	0.04579304	0.03782500	0.03839093	0.03237150	0.01888564	-0.00222740	-0.01384182
-0.02781000	-0.03177151	-0.03130847	-0.03152070	-0.03056248	-0.03015089	-0.03127632	-0.03195158	-0.03122487	-0.02614437	-0.01105719	0.00981147	0.02996629	0.02639708	0.00759920	-0.01572611	-0.01469072	0.01282762	0.05222406	0.05742032	0.05015970	0.04795386	0.04638469	0.03797291	0.02751607	0.02420410	0.02190179	0.01581162	0.00082091	-0.01411192	-0.02539194
-0.02461378	-0.03117342	-0.03103837	-0.03141137	-0.03068467	-0.02951422	-0.03010587	-0.03123773	-0.03170720	-0.03028594	-0.02696754	-0.01510230	0.00004918	0.00583710	0.00461521	-0.00218238	0.00015208	0.01395305	0.02335520	0.01716213	0.01359934	0.02046124	0.02279570	0.01959306	0.01532286	0.01298197	0.00736125	-0.00253609	-0.00864556	-0.01377751	-0.01475503
-0.02538550	-0.03159144	-0.03174578	-0.03193871	-0.03038884	-0.02889041	-0.02946920	-0.03121201	-0.03245963	-0.03197730	-0.02941775	-0.02749488	-0.02141113	-0.01959115	-0.01863293	-0.02072301	-0.02131467	-0.02492247	-0.02621511	-0.02374559	-0.01414408	-0.00793171	-0.00198302	0.00191418	0.00484029	0.00179199	-0.00453613	-0.00559725	-0.00335926	-0.00067752	0.00057010
-0.02285168	-0.03156572	-0.03074898	-0.03124416	-0.03067823	-0.02989365	-0.02955281	-0.02970715	-0.03054318	-0.03093548	-0.02993867	-0.02874893	-0.02917981	-0.02917338	-0.03075541	-0.03114127	-0.03060749	-0.02882610	-0.02694824	-0.02236292	-0.01874226	-0.01451065	-0.01126298	-0.00708925	-0.00706353	-0.01113436	-0.01234982	-0.00822754	-0.00177080	0.00038360	0.00193990
-0.02789360	-0.03093548	-0.03079399	-0.03105767	-0.03047887	-0.02993867	-0.02919267	-0.02901903	-0.03024736	-0.03166861	-0.03177794	-0.03063965	-0.03020877	-0.03071682	-0.03065894	-0.02938560	-0.02719905	-0.02420220	-0.02301889	-0.02323111	-0.02362984	-0.02310249	-0.02108315	-0.02015708	-0.02045291	-0.02215070	-0.01981624	-0.01631776	-0.01252989	-0.01117295	-0.01267138
-0.02409287	-0.03130847	-0.03141780	-0.03170077	-0.03089689	-0.03080042	-0.03036955	-0.03015732	-0.03029237	-0.03079399	-0.03155928	-0.03177151	-0.03215094	-0.03213808	-0.03163646	-0.03040813	-0.02927627	-0.02851741	-0.02854314	-0.02710259	-0.02753347	-0.02551412	-0.02559773	-0.02571349	-0.02557200	-0.02454304	-0.02369415	-0.02157834	-0.02202208	-0.02139827	-0.02361054
-0.03034382	-0.03161716	-0.03105123	-0.03114770	-0.03088403	-0.03086473	-0.03056891	-0.03031810	-0.03116699	-0.03155285	-0.03114127	-0.03107053	-0.03159144	-0.03192585	-0.03136635	-0.03184868	-0.03147568	-0.03136635	-0.03032453	-0.02824088	-0.02608005	-0.02537907	-0.02593857	-0.02553985	-0.02444658	-0.02371344	-0.02401570	-0.02485816	-0.02444658	-0.02514756	-0.02647878
-0.03107696	-0.03227313	-0.03196444	-0.03225384	-0.03199016	-0.03193228	-0.03161716	-0.03159787	-0.03161073	-0.03131491	-0.03144353	-0.03084544	-0.03045958	-0.02910907	-0.02915408	-0.02936631	-0.02962998	-0.02990651	-0.02847883	-0.02600288	-0.02499964	-0.02588712	-0.02532763	-0.02407358	-0.02200922	-0.02237579	-0.02369415	-0.02413146	-0.02378418	-0.02471668	-0.02618295
-0.03192585	-0.03186154	-0.03195158	-0.03199659	-0.03182296	-0.03183582	-0.03164289	-0.03214451	-0.03226670	-0.03184225	-0.03159144	-0.03152713	-0.03056891	-0.02899974	-0.02769424	-0.02826660	-0.02969429	-0.02960425	-0.02949493	-0.02919910	-0.02932772	-0.03034382	-0.02888398	-0.02720548	-0.02485816	-0.02503180	-0.02523116	-0.02426008	-0.02397711	-0.02512826	-0.02627299
-0.03085830	-0.03198373	-0.03178437	-0.03187440	-0.03212521	-0.03197087	-0.03208663	-0.03229242	-0.03222811	-0.03164932	-0.03153356	-0.03157215	-0.03173292	-0.03117985	-0.03114127	-0.03128275	-0.03190656	-0.03161073	-0.03172006	-0.03128918	-0.03091618	-0.03069110	-0.03143066	-0.03013160	-0.02981648	-0.02925698	-0.02907691	-0.02865246	-0.02819586	-0.02793862	-0.02747559
-0.03149497	-0.03151427	-0.03184225	-0.03152070	-0.03179080	-0.03167504	-0.03186154	-0.03256252	-0.03287764	-0.03285835	-0.03283906	-0.03213808	-0.03195801	-0.03280047	-0.03266542	-0.03263327	-0.03211235	-0.03133420	-0.02957853	-0.02883896	-0.02988722	-0.03123130	-0.03186797	-0.03198373	-0.03181009	-0.03164932	-0.03085830	-0.03044672	-0.02991294	-0.02926984	-0.02851098
-0.03129561	-0.03200946	-0.03222811	-0.03256252	-0.03233101	-0.03178437	-0.03188727	-0.03204804	-0.03173292	-0.03231815	-0.03246606	-0.03181653	-0.03220239	-0.03281976	-0.03271044	-0.03307701	-0.03257539	-0.03128275	-0.03013160	-0.02979075	-0.02990008	-0.03078113	-0.03090975	-0.03129561	-0.03147568	-0.03231171	-0.03208663	-0.03137279	-0.03100622	-0.03061392	-0.03031810
-0.03175865	-0.03197087	-0.03226027	-0.03256252	-0.03319920	-0.03275545	-0.03201589	-0.03168147	-0.03190013	-0.03210592	-0.03262683	-0.03215737	-0.03242104	-0.03235030	-0.03277475	-0.03276189	-0.03218952	-0.03217666	-0.03172649	-0.03177151	-0.03144353	-0.03126989	-0.03116699	-0.03087117	-0.03103194	-0.03155285	-0.03150784	-0.03133420	-0.03129561	-0.03128918	-0.03161073
-0.03250464	-0.03271044	-0.03227313	-0.03209949	-0.03223454	-0.03210592	-0.03208663	-0.03227956	-0.03197087	-0.03158501	-0.03176508	-0.03250464	-0.03263970	-0.03267828	-0.03211235	-0.03130204	-0.03105123	-0.03164932	-0.03233744	-0.03250464	-0.03289051	-0.03201589	-0.03138565	-0.03118629	-0.03123773	-0.03167504	-0.03133420	-0.03104480	-0.03122487	-0.03090975	-0.03089046
