-0.05450517	-0.04922530	-0.05239579	-0.05341189	-0.05298102	-0.05232505	-0.05211283	-0.05218357	-0.05229290	-0.05322539	-0.05291027	-0.05160478	-0.05040861	-0.04854361	-0.04786192	-0.04782334	-0.04901308	-0.05152761	-0.05260802	-0.05411931	-0.05420291	-0.05431224	-0.05408072	-0.05395853	-0.05363698	-0.05352765	-0.05361769	-0.05391351	-0.05401641	-0.05360482	-0.05382348
-0.05072373	-0.05206138	-0.05233148	-0.05274950	-0.05240222	-0.05238293	-0.05160478	-0.05137969	-0.05123821	-0.05148902	-0.05114817	-0.05063369	-0.04974621	-0.04851146	-0.04720596	-0.04725098	-0.04835711	-0.05065942	-0.05330900	-0.05402284	-0.05424150	-0.05306462	-0.05240865	-0.05264660	-0.05339260	-0.05353408	-0.05379132	-0.05370772	-0.05368200	-0.05375917	-0.05400998
-0.04912883	-0.05106457	-0.05169481	-0.05187488	-0.05128966	-0.05112888	-0.05123178	-0.05103885	-0.05100026	-0.05062726	-0.05090380	-0.05075588	-0.04965618	-0.04873011	-0.04719953	-0.04669791	-0.04750822	-0.04981052	-0.05171410	-0.05331543	-0.05393281	-0.05288455	-0.05235078	-0.05265303	-0.05314179	-0.05256943	-0.05264017	-0.05292314	-0.05300031	-0.05249869	-0.05265303
-0.04842142	-0.05175912	-0.05119319	-0.05047292	-0.04993914	-0.04988769	-0.05020281	-0.05007419	-0.05042147	-0.05080733	-0.05103885	-0.05085878	-0.04990056	-0.04898735	-0.04738603	-0.04652427	-0.04629918	-0.04813203	-0.05056295	-0.05212569	-0.05298745	-0.05308391	-0.05334115	-0.05304533	-0.05307105	-0.05246653	-0.05236364	-0.05208710	-0.05242152	-0.05215141	-0.05155976
-0.04613841	-0.05140542	-0.05085235	-0.04990699	-0.04920601	-0.04901951	-0.04907739	-0.04999059	-0.05027999	-0.05123821	-0.05160478	-0.05066585	-0.04970763	-0.04776546	-0.04597120	-0.04333448	-0.04239556	-0.04343738	-0.04598406	-0.04916099	-0.05075588	-0.05213855	-0.05354051	-0.05326398	-0.05289741	-0.05163693	-0.05082019	-0.05062726	-0.05066585	-0.05080733	-0.05055652
-0.04729599	-0.05077518	-0.04968833	-0.04884587	-0.04861435	-0.04818347	-0.04889089	-0.04975264	-0.05042147	-0.04961759	-0.04881371	-0.04827994	-0.04656286	-0.04411907	-0.03990032	-0.03638255	-0.03465261	-0.03622177	-0.04009325	-0.04438274	-0.04895520	-0.05141828	-0.05289098	-0.05287169	-0.05204852	-0.05100669	-0.04955328	-0.04925102	-0.04953399	-0.05051150	-0.05092952
-0.04172673	-0.05010635	-0.04936035	-0.04804842	-0.04774616	-0.04732815	-0.04739889	-0.04687798	-0.04612555	-0.04420267	-0.04373321	-0.04270424	-0.04195181	-0.03896139	-0.03526355	-0.03017018	-0.02871677	-0.03043386	-0.03491628	-0.04267852	-0.04879442	-0.05316108	-0.05348264	-0.05303889	-0.05227360	-0.05181057	-0.04952756	-0.04773330	-0.04831209	-0.04939894	-0.05077518
-0.04660787	-0.05024783	-0.04919314	-0.04876227	-0.04752108	-0.04704518	-0.04582329	-0.04301936	-0.03766232	-0.03577803	-0.03443395	-0.03503847	-0.03354004	-0.03218952	-0.02739841	-0.02437583	-0.02200279	-0.02393209	-0.03134706	-0.04155952	-0.05163693	-0.05388136	-0.05273664	-0.05231219	-0.05152761	-0.05069800	-0.04862721	-0.04759825	-0.04740532	-0.04783620	-0.04981695
-0.04261421	-0.04931533	-0.04963688	-0.04844715	-0.04732815	-0.04385540	-0.04118652	-0.03382944	-0.02845310	-0.02499964	-0.02360411	-0.02110888	-0.02105743	-0.01899950	-0.01701232	-0.01236269	-0.00869057	-0.01042695	-0.02173268	-0.04151451	-0.05125107	-0.05202279	-0.04916099	-0.04849216	-0.04999059	-0.05046649	-0.04954685	-0.04860149	-0.04789408	-0.04799697	-0.04853718
-0.04608053	-0.04836354	-0.04726384	-0.04733458	-0.04512874	-0.04140518	-0.03453042	-0.02682605	-0.01986126	-0.01512160	-0.00878061	-0.00598311	-0.00543005	-0.00873559	-0.00896711	-0.00430462	0.00315537	0.00175340	-0.01494153	-0.03390018	-0.04930890	-0.04887159	-0.04336021	-0.04319300	-0.04739246	-0.04999059	-0.04973978	-0.04970120	-0.04984911	-0.05002275	-0.04992628
-0.03920577	-0.04882658	-0.04790694	-0.04639565	-0.04217690	-0.03438250	-0.02605433	-0.01643352	-0.00770020	0.00496248	0.01123273	0.01284692	0.00624226	-0.00294767	-0.00684487	-0.00362293	0.00107815	0.00184344	-0.00943014	-0.03085187	-0.04318014	-0.04449850	-0.03835044	-0.03499345	-0.04072992	-0.04800984	-0.04917385	-0.04817704	-0.04952113	-0.05044076	-0.04982338
-0.04784906	-0.04898735	-0.04462712	-0.04363031	-0.03641471	-0.02685821	-0.01606052	-0.00651689	0.01226812	0.02454494	0.03288598	0.02808200	0.01903999	0.01130990	0.00699469	0.00316823	0.00321968	-0.00000226	-0.00790599	-0.02296101	-0.04118009	-0.04185535	-0.02966213	-0.02413789	-0.03283263	-0.04320586	-0.04552103	-0.04348883	-0.04591975	-0.05008706	-0.04914170
-0.04750822	-0.04804199	-0.04313512	-0.03918004	-0.03077470	-0.01630490	-0.00481267	0.01505919	0.03313679	0.05014041	0.05229480	0.04912431	0.04586378	0.04335568	0.03969643	0.02983767	0.02212045	0.01375369	0.00351550	-0.01634349	-0.03515423	-0.03467833	-0.01573897	-0.00607315	-0.02289027	-0.04102575	-0.03716070	-0.02845953	-0.03411240	-0.04460783	-0.04720596
-0.04772687	-0.04968190	-0.04023473	-0.03585521	-0.02269734	-0.00898640	0.01246105	0.03379275	0.05808915	0.06610863	0.06713116	0.06595429	0.06451374	0.06153618	0.05164527	0.04309201	0.03268662	0.03156762	0.01723287	-0.00858125	-0.03458830	-0.02464594	0.00703970	0.00865389	-0.01973907	-0.03358506	-0.02070372	-0.00759087	-0.01534025	-0.02937917	-0.03878132
-0.04539241	-0.04798411	-0.04026046	-0.02970072	-0.01713450	0.00216499	0.02659001	0.05746534	0.07646901	0.08615412	0.08525378	0.07625035	0.06228217	0.03842309	0.02624916	0.01829399	0.02300793	0.03268018	0.02612697	-0.00865199	-0.02896115	-0.00904428	0.02567037	0.02551603	-0.00853623	-0.02602218	-0.00543005	0.01285335	0.00249940	-0.01899950	-0.02799650
-0.04703232	-0.04972049	-0.03669767	-0.02738555	-0.00928866	0.01109768	0.04671910	0.07488698	0.10323492	0.11254060	0.11114507	0.08919600	0.04678984	0.00991437	-0.01825993	-0.02356553	-0.00717285	0.01503346	0.02179890	-0.00699922	-0.02914122	-0.00036883	0.04613388	0.03817228	-0.00517924	-0.01607339	0.00265375	0.01436464	0.00305247	-0.01203470	-0.02389351
-0.04322516	-0.04825422	-0.03748869	-0.02225360	-0.00760373	0.01736792	0.05576755	0.09580709	0.12375630	0.14218761	0.14021329	0.10931866	0.06124035	0.00536121	-0.01877441	-0.03265899	-0.02368772	0.00842237	0.01687917	-0.00952018	-0.02266518	0.00961211	0.04781881	0.04244247	0.00866032	-0.01457496	-0.00656834	-0.00120487	-0.00971954	-0.02158477	-0.02703185
-0.04667862	-0.04903880	-0.03808677	-0.02645305	-0.00555867	0.01712998	0.05933034	0.09973644	0.14111363	0.16245176	0.16859981	0.14446419	0.09154332	0.04505990	-0.00132062	-0.02195134	-0.01845929	0.00635158	0.01999821	-0.00279333	-0.02192562	0.00378561	0.04247463	0.03755490	0.00419076	-0.01500584	-0.02080019	-0.02209282	-0.02801579	-0.03342428	-0.03842762
-0.04363674	-0.04855647	-0.04015113	-0.02588712	-0.00943657	0.01385659	0.05366461	0.10094547	0.13491413	0.16495342	0.17256132	0.15106242	0.11064345	0.05549102	0.01817823	-0.00879347	-0.00206019	0.02168314	0.02331662	-0.00395091	-0.01848502	-0.00178366	0.02222978	0.02212045	-0.00120487	-0.02611864	-0.03229242	-0.03541790	-0.03812536	-0.04228623	-0.04617700
-0.04226693	-0.04921887	-0.04164956	-0.03150141	-0.01578399	0.00493033	0.04166432	0.07617961	0.11925459	0.14317799	0.15458019	0.14449635	0.10702922	0.06839808	0.02333591	0.00933558	0.01519424	0.02943252	0.02320086	-0.00422101	-0.02503180	-0.01296720	0.00700112	0.00485316	-0.01393829	-0.02909620	-0.03818324	-0.03856910	-0.04032477	-0.04420267	-0.04831853
-0.04301293	-0.04824135	-0.04526379	-0.03670410	-0.02453661	-0.00544934	0.01518138	0.04905356	0.07440465	0.10096477	0.11061773	0.10497129	0.08765255	0.05293790	0.03033286	0.01743223	0.02467999	0.02693085	0.01095620	-0.02140470	-0.03359149	-0.02764279	-0.01667147	-0.01472930	-0.02395139	-0.03609315	-0.03918648	-0.03872344	-0.03947587	-0.04366890	-0.04710949
-0.04719953	-0.04882015	-0.04806128	-0.04274926	-0.03314775	-0.02272306	-0.00753299	0.01256395	0.03629442	0.05247487	0.06448801	0.06355552	0.05129799	0.03579280	0.01684701	0.01303342	0.01368938	0.01064108	-0.01153952	-0.03158501	-0.04443419	-0.04051770	-0.03269114	-0.03092261	-0.03382944	-0.03830543	-0.03991318	-0.03991318	-0.04177818	-0.04473645	-0.04874940
-0.04667862	-0.04825422	-0.04957901	-0.04644710	-0.04074921	-0.03111554	-0.02671673	-0.01035621	0.00163121	0.01765089	0.02340022	0.02288574	0.01659620	0.00404285	-0.00463903	-0.00756515	-0.00618248	-0.01214403	-0.02350765	-0.04067847	-0.04686511	-0.04667218	-0.04235697	-0.03887779	-0.03936011	-0.04072992	-0.04195825	-0.04403547	-0.04614484	-0.04939251	-0.05089736
-0.04661430	-0.04795839	-0.05180414	-0.05017709	-0.04684582	-0.04245343	-0.03978456	-0.03469119	-0.02547554	-0.01779690	-0.00863269	-0.01044624	-0.01488365	-0.02002846	-0.02544338	-0.02579066	-0.02333401	-0.02743700	-0.03656262	-0.04543100	-0.05128966	-0.05061440	-0.04701303	-0.04501941	-0.04323802	-0.04365604	-0.04582972	-0.04833139	-0.05041504	-0.05174626	-0.05229290
-0.04718023	-0.04786835	-0.05229933	-0.05173340	-0.05062726	-0.04829923	-0.04743104	-0.04375250	-0.04013827	-0.03588736	-0.03281333	-0.03112841	-0.03395806	-0.03661407	-0.03651760	-0.03645329	-0.03539217	-0.03806748	-0.04354028	-0.05051793	-0.05242152	-0.05118033	-0.04835711	-0.04579113	-0.04521234	-0.04575255	-0.04759825	-0.05012564	-0.05150188	-0.05183629	-0.05229933
-0.04588117	-0.04817704	-0.05316108	-0.05326398	-0.05242795	-0.05149545	-0.05094238	-0.04948897	-0.04842142	-0.04671077	-0.04544386	-0.04543100	-0.04600336	-0.04672363	-0.04596477	-0.04492295	-0.04463355	-0.04626703	-0.04990699	-0.05264017	-0.05304533	-0.05170124	-0.04919314	-0.04802913	-0.04773330	-0.04891661	-0.05024783	-0.05141185	-0.05206781	-0.05139898	-0.05220929
-0.04626060	-0.04861435	-0.05307748	-0.05350836	-0.05327041	-0.05252441	-0.05295529	-0.05216428	-0.05143757	-0.05094238	-0.05154047	-0.05157262	-0.05145043	-0.05217071	-0.05191990	-0.05104528	-0.05116104	-0.05172697	-0.05286526	-0.05368200	-0.05275593	-0.05178485	-0.05107743	-0.05037002	-0.05051150	-0.05114817	-0.05186202	-0.05208067	-0.05230576	-0.05231862	-0.05266590
-0.04569467	-0.04925102	-0.05359196	-0.05340546	-0.05317395	-0.05338617	-0.05384277	-0.05352122	-0.05291671	-0.05292957	-0.05307105	-0.05311607	-0.05364984	-0.05334758	-0.05296172	-0.05330257	-0.05274950	-0.05322539	-0.05414503	-0.05384920	-0.05343119	-0.05254371	-0.05219000	-0.05220286	-0.05242152	-0.05262731	-0.05302603	-0.05307748	-0.05329614	-0.05339260	-0.05320610
-0.04552103	-0.04984911	-0.05380419	-0.05415146	-0.05422220	-0.05431224	-0.05385563	-0.05351479	-0.05351479	-0.05359839	-0.05364984	-0.05417719	-0.05397782	-0.05431867	-0.05419005	-0.05379776	-0.05397782	-0.05386207	-0.05392638	-0.05396496	-0.05354695	-0.05337331	-0.05349550	-0.05323183	-0.05342476	-0.05320610	-0.05328970	-0.05327684	-0.05324469	-0.05315465	-0.05362412
-0.04963688	-0.05116104	-0.05410644	-0.05399712	-0.05386850	-0.05397139	-0.05412574	-0.05411931	-0.05391351	-0.05413860	-0.05381062	-0.05384277	-0.05372058	-0.05366914	-0.05353408	-0.05349550	-0.05410001	-0.05405500	-0.05422220	-0.05386207	-0.05351479	-0.05378489	-0.05387493	-0.05369486	-0.05346334	-0.05344405	-0.05359839	-0.05373345	-0.05368200	-0.05388136	-0.05402927
-0.05000345	-0.05129609	-0.05399069	-0.05417075	-0.05400355	-0.05380419	-0.05355338	-0.05354695	-0.05381705	-0.05413860	-0.05413217	-0.05391994	-0.05397139	-0.05393924	-0.05391994	-0.05398426	-0.05364984	-0.05406143	-0.05401641	-0.05382991	-0.05330900	-0.05333472	-0.05395210	-0.05419005	-0.05431224	-0.05399069	-0.05378489	-0.05435082	-0.05453732	-0.05447944	-0.05456305
