-0.05198421	-0.05186845	-0.05182986	-0.05223502	-0.05191347	-0.05204852	-0.05177841	-0.05210640	-0.05202279	-0.05209353	-0.05197135	-0.05191347	-0.05138612	-0.05150831	-0.05132181	-0.05150831	-0.05134754	-0.05172054	-0.05192633	-0.05188774	-0.05183629	-0.05157905	-0.05140542	-0.05111602	-0.05074945	-0.05080090	-0.05063369	-0.05078161	-0.05096168	-0.05106457	-0.05077518	-0.05044076	-0.05069800	-0.05084592
-0.05195848	-0.05182986	-0.05187488	-0.05232505	-0.05192633	-0.05186202	-0.05212569	-0.05160478	-0.05162407	-0.05161764	-0.05161121	-0.05188131	-0.05219643	-0.05223502	-0.05213212	-0.05199064	-0.05170124	-0.05161764	-0.05146329	-0.05168195	-0.05160478	-0.05101312	-0.05018995	-0.05011921	-0.04994557	-0.05020281	-0.04984911	-0.04970120	-0.04991342	-0.05010635	-0.04990699	-0.04979123	-0.04996487	-0.04972692
-0.05172054	-0.05185559	-0.05168195	-0.05190704	-0.05249869	-0.05246653	-0.05187488	-0.05220286	-0.05226074	-0.05190060	-0.05226074	-0.05223502	-0.05168195	-0.05174626	-0.05201636	-0.05249226	-0.05189417	-0.05197778	-0.05214498	-0.05190060	-0.05107743	-0.05056938	-0.05053723	-0.04937964	-0.04825422	-0.04781047	-0.04794553	-0.04853718	-0.04798411	-0.04867223	-0.04946968	-0.04921244	-0.04980409	-0.05003561
-0.05215785	-0.05224145	-0.05195205	-0.05224145	-0.05209353	-0.05173340	-0.05164336	-0.05192633	-0.05176555	-0.05105171	-0.05146973	-0.05146973	-0.05175269	-0.05184916	-0.05199064	-0.05231862	-0.05173983	-0.05139255	-0.05099383	-0.05096811	-0.05097454	-0.05063369	-0.04957257	-0.04896163	-0.04694229	-0.04642137	-0.04638922	-0.04680724	-0.04730242	-0.04740532	-0.04841499	-0.04871725	-0.04892304	-0.04980409
-0.05216428	-0.05229933	-0.05166266	-0.05110316	-0.05160478	-0.05171410	-0.05150831	-0.05178485	-0.05208067	-0.05148259	-0.05179771	-0.05154690	-0.05138612	-0.05156619	-0.05144400	-0.05114817	-0.05056295	-0.05017066	-0.05040861	-0.05064012	-0.04974621	-0.04855004	-0.04649855	-0.04573326	-0.04469786	-0.04487150	-0.04503227	-0.04514160	-0.04519948	-0.04509658	-0.04578470	-0.04680724	-0.04825422	-0.04810630
-0.05163050	-0.05157905	-0.05134111	-0.05170767	-0.05163050	-0.05200350	-0.05201636	-0.05241509	-0.05204852	-0.05180414	-0.05179771	-0.05168195	-0.05163693	-0.05153404	-0.05139255	-0.05078161	-0.05049221	-0.05018995	-0.05002275	-0.04916099	-0.04712236	-0.04428628	-0.04236340	-0.04208044	-0.04274926	-0.04296149	-0.04280071	-0.04283930	-0.04144376	-0.04208687	-0.04294219	-0.04416409	-0.04597120	-0.04590046
-0.05197778	-0.05162407	-0.05188131	-0.05184916	-0.05209997	-0.05226717	-0.05247297	-0.05240222	-0.05200993	-0.05182343	-0.05158548	-0.05168838	-0.05181700	-0.05172697	-0.05149545	-0.05171410	-0.05141185	-0.05081376	-0.04894233	-0.04729599	-0.04596477	-0.04365604	-0.03986816	-0.03655619	-0.03482624	-0.03568157	-0.03682629	-0.03689060	-0.03872987	-0.03990675	-0.04128942	-0.04311583	-0.04278785	-0.04064632
-0.05150831	-0.05197135	-0.05200350	-0.05187488	-0.05190704	-0.05185559	-0.05176555	-0.05166909	-0.05181700	-0.05178485	-0.05200350	-0.05176555	-0.05193919	-0.05137969	-0.05078804	-0.05047935	-0.04997130	-0.04961759	-0.04737317	-0.04665289	-0.04413836	-0.03928294	-0.03305128	-0.03049817	-0.02726979	-0.02733410	-0.03153356	-0.03187440	-0.03529571	-0.03961092	-0.03912217	-0.04006753	-0.04072992	-0.03620248
-0.05112245	-0.05104528	-0.05157905	-0.05150188	-0.05140542	-0.05143114	-0.05089093	-0.05112245	-0.05168838	-0.05182986	-0.05195848	-0.05193919	-0.05182986	-0.05048578	-0.04904523	-0.04853075	-0.04833782	-0.04593262	-0.04203542	-0.04108363	-0.03944372	-0.03267185	-0.02201565	-0.02078089	-0.02292242	-0.02287098	-0.02512826	-0.02705757	-0.02930843	-0.03689703	-0.03629252	-0.03481338	-0.03492914	-0.03028594
-0.05159192	-0.05159192	-0.05132824	-0.05138612	-0.05148259	-0.05113531	-0.05119962	-0.05127036	-0.05128966	-0.05136040	-0.05121249	-0.05163693	-0.05100669	-0.05035716	-0.04994557	-0.04813846	-0.04469786	-0.04098716	-0.03649831	-0.03312202	-0.02903832	-0.01721168	0.00048649	-0.00332710	-0.01137874	-0.01474216	-0.01629204	-0.01752680	-0.02373916	-0.03213808	-0.03285192	-0.02935344	-0.02580352	-0.02105100
-0.05122535	-0.05094881	-0.05092309	-0.05130252	-0.05152117	-0.05164336	-0.05143114	-0.05156619	-0.05184916	-0.05085878	-0.05062083	-0.05047292	-0.05080733	-0.05030571	-0.04931533	-0.04690370	-0.04252418	-0.03900641	-0.03211878	-0.02393209	-0.01198969	0.00550912	0.02864793	0.01855766	-0.00081900	-0.00387374	-0.00826613	-0.01076779	-0.02002846	-0.02913479	-0.02404785	-0.01709592	-0.00761016	-0.00394448
-0.05017709	-0.05059511	-0.05101312	-0.05126393	-0.05069157	-0.05120605	-0.05121892	-0.05137326	-0.05121249	-0.05058224	-0.05087807	-0.05004847	-0.04961116	-0.04942466	-0.04613841	-0.04231838	-0.03676198	-0.03361078	-0.02184844	-0.00645258	0.01207519	0.03272520	0.05903451	0.03991508	0.00921339	0.01139994	0.00108458	-0.00692847	-0.01840785	-0.02728266	-0.01633706	-0.00955876	0.00714260	0.01510420
-0.05084592	-0.05118676	-0.05104528	-0.05115461	-0.05118676	-0.05112888	-0.05128323	-0.05163050	-0.05056295	-0.05080733	-0.04970763	-0.04813846	-0.04889089	-0.04570110	-0.04015756	-0.03345644	-0.02775212	-0.01966190	-0.00297983	0.01896925	0.04684772	0.06709258	0.08706090	0.05374821	0.01981814	0.03118176	0.01457686	-0.00849764	-0.02235006	-0.02555271	-0.00621463	-0.00607315	0.01313631	0.05681581
-0.04993271	-0.05022211	-0.05057581	-0.05098097	-0.05110959	-0.05141185	-0.05195205	-0.05138612	-0.05139255	-0.05060154	-0.04878156	-0.04946325	-0.04846001	-0.04564965	-0.03817037	-0.03367509	-0.01522449	0.00068585	0.02951612	0.06807652	0.09708043	0.11554389	0.12949921	0.07020519	0.02857719	0.05706019	0.02798554	-0.01376465	-0.03236316	-0.03071039	0.00227432	0.00290456	0.00326469	0.04768376
-0.05026069	-0.05089736	-0.05108386	-0.05103885	-0.05092309	-0.05128966	-0.05134754	-0.05026712	-0.05089736	-0.04885873	-0.04938608	-0.04995200	-0.04664646	-0.03271687	-0.00752013	-0.00254895	0.01543219	0.03156762	0.06300245	0.12270805	0.14769900	0.14439345	0.17121081	0.10087473	0.04057105	0.07716999	0.03722049	-0.01683868	-0.03746296	-0.03742438	-0.00564870	0.00517471	-0.01274212	0.01327779
-0.05021568	-0.05057581	-0.05106457	-0.05128966	-0.05109030	-0.05119962	-0.05059511	-0.04989413	-0.05021568	-0.04709663	-0.05022854	-0.04825422	-0.03114770	0.03676388	0.11926745	0.07960734	0.05289288	0.05536883	0.07565870	0.13414883	0.17929460	0.15611720	0.18881251	0.14977622	0.06167123	0.07273901	0.03520758	-0.01708949	-0.03907072	-0.03335354	-0.02004133	-0.00915361	-0.02553985	-0.02770067
-0.05079447	-0.05098740	-0.05107100	-0.05112888	-0.05095524	-0.05103242	-0.05027999	-0.05018352	-0.04842142	-0.04687798	-0.05032500	-0.04490365	0.00410073	0.18802150	0.30440368	0.17785405	0.07789669	0.08574897	0.10507419	0.15113316	0.20438845	0.17016255	0.20662644	0.19214378	0.07743366	0.05608267	0.03344548	-0.01396401	-0.03970739	-0.02662026	-0.02987436	-0.02959139	-0.03490342	-0.04298078
-0.05067228	-0.05085878	-0.05112888	-0.05115461	-0.05077518	-0.05109673	-0.05000988	-0.04996487	-0.04812559	-0.04628632	-0.04867223	-0.03853051	0.02582472	0.27759919	0.42099810	0.26642851	0.07992890	0.07505418	0.09656595	0.14457995	0.20022114	0.17112721	0.17554532	0.16000154	0.07304127	0.05556819	0.05009539	0.00489817	-0.03712212	-0.02105743	-0.02841452	-0.03492271	-0.03716070	-0.03825398
-0.05005490	-0.05071730	-0.05056295	-0.05062083	-0.05054366	-0.05066585	-0.04937964	-0.04992628	-0.04802913	-0.04605481	-0.04896806	-0.04101289	0.00202351	0.17159024	0.33745270	0.22305127	0.05566465	0.04906643	0.07418599	0.11787192	0.16164788	0.14614912	0.10726717	0.07868128	0.06512469	0.08000607	0.06924697	0.01482124	-0.02517971	-0.01847216	-0.02525045	-0.02711545	-0.03184225	-0.03091618
-0.04958544	-0.05046006	-0.05060797	-0.05057581	-0.05018995	-0.05002275	-0.05010635	-0.04954042	-0.04834425	-0.04593905	-0.04759825	-0.04478790	-0.03350145	0.01604956	0.11919028	0.07978741	0.00702684	0.00137397	0.01477622	0.03671243	0.07635968	0.07374868	0.03515613	0.02035835	0.06978718	0.09772996	0.06616008	0.01371510	-0.00896711	-0.01469072	-0.02058796	-0.01359101	-0.03017018	-0.03876203
-0.04936035	-0.05099383	-0.05148902	-0.05087164	-0.05038288	-0.05069800	-0.05089736	-0.05029928	-0.04916742	-0.04649212	-0.04629275	-0.04784906	-0.04536669	-0.03918648	-0.00502489	-0.01855576	-0.03276189	-0.03299983	-0.02779071	-0.02014422	0.00398497	0.01305271	-0.00357791	-0.00292838	0.04031381	0.06221786	0.03313036	0.00527117	-0.00351360	-0.01703161	-0.01904452	-0.01261993	-0.03589379	-0.04474931
-0.04813203	-0.05065942	-0.05043433	-0.05030571	-0.05055009	-0.05081376	-0.05059511	-0.05022854	-0.04995844	-0.04873654	-0.04567538	-0.04705161	-0.04600979	-0.04496153	-0.04279428	-0.04370748	-0.04082639	-0.03727646	-0.03532786	-0.03409311	-0.02913479	-0.02616366	-0.02806724	-0.02336616	-0.00224669	0.00229361	-0.01301865	-0.01787407	-0.01744962	-0.02919910	-0.02654952	-0.02885826	-0.03911573	-0.04020901
-0.04922530	-0.05123178	-0.05081376	-0.05092309	-0.05038288	-0.05075588	-0.05111602	-0.05121892	-0.04972049	-0.04971406	-0.04788765	-0.04614484	-0.04629918	-0.04727027	-0.04558534	-0.04379752	-0.04217690	-0.04222192	-0.04377179	-0.04393257	-0.04080709	-0.03932796	-0.03825398	-0.03979099	-0.03590665	-0.03426031	-0.03478766	-0.03115413	-0.03200946	-0.03831186	-0.03620891	-0.03858839	-0.03561726	-0.03722501
-0.04771401	-0.05054366	-0.05052437	-0.05056295	-0.05057581	-0.05087807	-0.05081376	-0.05083949	-0.05032500	-0.04990056	-0.04996487	-0.04978480	-0.04782334	-0.04835068	-0.04893590	-0.04949540	-0.04934749	-0.05037645	-0.04961116	-0.04692943	-0.04259492	-0.03950160	-0.03817037	-0.04107076	-0.04238912	-0.04064632	-0.03819610	-0.03334711	-0.03746939	-0.04063989	-0.04134730	-0.04253704	-0.03868486	-0.04015756
-0.04365604	-0.05106457	-0.05056938	-0.05058868	-0.05059511	-0.05049221	-0.05069800	-0.05118676	-0.05109030	-0.05065942	-0.04961759	-0.04966261	-0.04943109	-0.04992628	-0.05077518	-0.05062083	-0.05079447	-0.05011921	-0.04955971	-0.04891018	-0.04669791	-0.04500655	-0.04402260	-0.04635706	-0.04667218	-0.04405476	-0.04058201	-0.03771377	-0.04258849	-0.04343738	-0.04469786	-0.04592619	-0.04370748	-0.04429271
-0.04744391	-0.05085878	-0.05114174	-0.05092309	-0.05078804	-0.05058868	-0.05051793	-0.05045362	-0.05059511	-0.05049864	-0.05026069	-0.04996487	-0.04978480	-0.04914170	-0.04952756	-0.05019638	-0.05079447	-0.05056938	-0.05013207	-0.04999059	-0.04995200	-0.05035716	-0.04976551	-0.05033787	-0.04985554	-0.04833782	-0.04685225	-0.04653070	-0.04711592	-0.04796482	-0.04725741	-0.04777832	-0.04789408	-0.04732815
-0.04199683	-0.05073016	-0.05058224	-0.05100026	-0.05179771	-0.05100669	-0.05046006	-0.05025426	-0.05038288	-0.05039575	-0.05091023	-0.05092309	-0.05034430	-0.04914813	-0.04794553	-0.04870439	-0.05012564	-0.05052437	-0.04945039	-0.04915456	-0.04991985	-0.04964332	-0.04978480	-0.04995844	-0.04967547	-0.04960473	-0.04981052	-0.04977837	-0.04948254	-0.04959187	-0.04851789	-0.04838927	-0.04888446	-0.04883301
-0.04856290	-0.05116747	-0.05146973	-0.05123821	-0.05090380	-0.05065942	-0.05054366	-0.05032500	-0.05038288	-0.05015137	-0.05044076	-0.05054366	-0.05107100	-0.05117390	-0.05013850	-0.05031214	-0.05089093	-0.05103242	-0.05051793	-0.05090380	-0.05067871	-0.05128323	-0.05101955	-0.05029285	-0.04957257	-0.05006776	-0.05015137	-0.04976551	-0.04993914	-0.04986840	-0.04896163	-0.04863365	-0.04921887	-0.04997773
-0.04974621	-0.05079447	-0.05098740	-0.05107100	-0.05076231	-0.05094238	-0.05091023	-0.05057581	-0.05064656	-0.05024783	-0.05007419	-0.05022211	-0.05014494	-0.05092309	-0.05109673	-0.05128966	-0.05145686	-0.05126393	-0.05040218	-0.05026069	-0.05019638	-0.05013207	-0.05011921	-0.05029285	-0.04982982	-0.05060154	-0.05096811	-0.05051150	-0.05051793	-0.05076231	-0.05008706	-0.04964975	-0.05028642	-0.05112888
-0.05056938	-0.05121892	-0.05101955	-0.05102599	-0.05111602	-0.05127036	-0.05131538	-0.05096168	-0.05079447	-0.05082662	-0.05015780	-0.05000345	-0.04946968	-0.04993271	-0.05105814	-0.05136683	-0.05114817	-0.05108386	-0.05038931	-0.05107743	-0.05087807	-0.05093595	-0.05071730	-0.05059511	-0.05078804	-0.05049864	-0.05045362	-0.05005490	-0.05056295	-0.05085878	-0.05078804	-0.05092309	-0.05087164	-0.05096168
-0.05037002	-0.05079447	-0.05096168	-0.05094881	-0.05073659	-0.05074302	-0.05067871	-0.05035073	-0.05058868	-0.05058224	-0.05037645	-0.05042790	-0.05039575	-0.05048578	-0.05111602	-0.05076874	-0.05026712	-0.05009992	-0.05022854	-0.05046649	-0.05091023	-0.05098740	-0.05106457	-0.05099383	-0.05087164	-0.05074945	-0.05126393	-0.05071730	-0.05091666	-0.05133467	-0.05116747	-0.05067871	-0.05080733	-0.05094881
-0.05076874	-0.05086521	-0.05042147	-0.05071730	-0.05088450	-0.05060797	-0.05060154	-0.05041504	-0.05002275	-0.05020925	-0.05072373	-0.05071087	-0.05085878	-0.05112245	-0.05141828	-0.05133467	-0.05062083	-0.05029928	-0.05064656	-0.05097454	-0.05097454	-0.05080090	-0.05136040	-0.05107100	-0.05083949	-0.05083949	-0.05092952	-0.05110316	-0.05155333	-0.05141828	-0.05092309	-0.05053723	-0.05105171	-0.05164336
-0.05100669	-0.05103242	-0.05053723	-0.05064012	-0.05073016	-0.05071730	-0.05092309	-0.05083949	-0.05027999	-0.05017709	-0.05029285	-0.05089736	-0.05103885	-0.05071087	-0.05116104	-0.05128323	-0.05125107	-0.05099383	-0.05153404	-0.05100669	-0.05143114	-0.05152117	-0.05114817	-0.05101955	-0.05040218	-0.05095524	-0.05076874	-0.05112888	-0.05154690	-0.05161121	-0.05140542	-0.05127680	-0.05123821	-0.05117390
-0.05076874	-0.05087164	-0.05104528	-0.05054366	-0.05075588	-0.05031214	-0.05053723	-0.05074945	-0.05098097	-0.05125750	-0.05106457	-0.05096811	-0.05116104	-0.05105171	-0.05050507	-0.05080733	-0.05076874	-0.05100669	-0.05157262	-0.05143757	-0.05096168	-0.05098740	-0.05128323	-0.05124464	-0.05133467	-0.05143757	-0.05123178	-0.05127680	-0.05118676	-0.05109030	-0.05067871	-0.05109673	-0.05130252	-0.05155333
