-0.05040218	-0.04455638	-0.04947611	-0.04882658	-0.04901951	-0.04782334	-0.04447921	-0.04111578	-0.02984863	-0.00475479	0.02226836	0.06558772	0.11066275	0.15405928	0.13258610	0.09787788	0.03253870	0.03940060	0.07862983	0.08802555	0.03653237	-0.01417623	-0.02362984	-0.02564918	-0.03591952	-0.04523807	-0.03856910	-0.01921816	-0.00260040	0.00206209	-0.00365508
-0.04847287	-0.04943109	-0.04987483	-0.04939894	-0.04840856	-0.04728313	-0.04485864	-0.04030547	-0.02614437	0.00334187	0.05815989	0.11383324	0.19532714	0.26194608	0.29913025	0.24208066	0.12715831	0.11832852	0.19664550	0.20081280	0.10296481	0.02881514	-0.00344929	-0.00663908	-0.02683248	-0.04040194	-0.04296792	-0.03352718	-0.01503156	-0.00822111	-0.00708925
-0.04357243	-0.04914813	-0.04947611	-0.04917385	-0.04862721	-0.04770115	-0.04494224	-0.03536002	-0.01359744	0.04201160	0.11374964	0.23224120	0.37709352	0.57733622	0.64253391	0.49328920	0.30012706	0.21287739	0.29871223	0.31511777	0.18276092	0.04689917	0.01434534	0.00332257	-0.01734030	-0.03810606	-0.04157238	-0.04091642	-0.03647258	-0.02516042	-0.01798340
-0.04827994	-0.04927032	-0.04886516	-0.04948254	-0.04905809	-0.04752751	-0.04125083	-0.02550769	0.01204947	0.07436606	0.18296028	0.30507894	0.53027401	0.73271612	0.82655758	0.65684936	0.33144613	0.26029974	0.32606979	0.32866793	0.16243890	0.04628179	0.00727122	0.00045434	-0.02263303	-0.03182296	-0.03171363	-0.03777808	-0.04240842	-0.03833115	-0.02735340
-0.04595834	-0.04852432	-0.04898735	-0.04974621	-0.04925745	-0.04700017	-0.03836331	-0.01308939	0.02723954	0.10624463	0.20173243	0.33462305	0.48696751	0.68612980	0.69503033	0.47503153	0.26077564	0.17472215	0.24402926	0.22099334	0.10277831	0.00256371	0.00455090	0.00172768	-0.01589332	-0.01736602	-0.01132729	-0.02305104	-0.03577803	-0.03664622	-0.03106410
-0.04651141	-0.04858863	-0.04893590	-0.04940537	-0.04936035	-0.04730242	-0.03699993	-0.01672292	0.02944538	0.09212854	0.18661310	0.26407475	0.37066893	0.46238815	0.46710852	0.30918836	0.09627655	0.08684224	0.16553222	0.13647043	0.03690537	0.00657024	0.02327160	0.01654475	-0.00479338	-0.00286407	0.00099454	-0.01305081	-0.03087117	-0.03280690	-0.02774569
-0.04072992	-0.04837640	-0.04910311	-0.04988126	-0.04880728	-0.04605481	-0.03746939	-0.01552032	0.01480195	0.07538859	0.13045100	0.18236863	0.18925625	0.16114626	0.09134396	-0.00114699	-0.01456210	0.04169004	0.08592904	0.06586425	0.02925245	0.03569633	0.04687988	0.02488579	0.00553484	-0.00042671	-0.00408596	-0.02058796	-0.03023449	-0.03276832	-0.02847239
-0.03952732	-0.04846644	-0.04939251	-0.04966904	-0.04950183	-0.04766899	-0.03678127	-0.02318610	0.00539979	0.03653880	0.08672005	0.10632181	0.09439869	0.05149735	-0.01000893	-0.03887136	-0.01013755	0.04095048	0.06859744	0.04571586	0.02877012	0.04198587	0.03859672	0.01696277	-0.00461974	-0.00883206	-0.01804128	-0.03011231	-0.03994534	-0.03975241	-0.03554009
-0.02912193	-0.04885873	-0.04890375	-0.04867866	-0.04823492	-0.04611269	-0.04076851	-0.02841452	-0.01474860	0.00907191	0.02648711	0.04405666	0.03842309	0.01171506	-0.01108934	-0.01904452	0.00859601	0.03507896	0.03098883	0.01578589	0.01926507	0.02663502	0.01733577	-0.00643972	-0.01532096	-0.02344977	-0.03396449	-0.04249202	-0.04543743	-0.04249202	-0.03900641
-0.03442752	-0.04849216	-0.04890375	-0.04871082	-0.04776546	-0.04718667	-0.04177175	-0.03393876	-0.02069729	-0.00988031	0.00035144	0.00718762	0.00266018	-0.00782882	-0.01657501	-0.01461354	-0.01085783	-0.01108291	-0.02038860	-0.02492247	-0.01915385	-0.02033715	-0.02445301	-0.02627942	-0.02696110	-0.03263970	-0.03958520	-0.03974597	-0.03954018	-0.03879418	-0.03470405
-0.02256229	-0.04874940	-0.04923173	-0.04833782	-0.04796482	-0.04745034	-0.04535382	-0.04280714	-0.03589379	-0.02673602	-0.02139184	-0.02009921	-0.02469739	-0.02945634	-0.03303842	-0.03463331	-0.03627965	-0.03994534	-0.04172673	-0.03824112	-0.03701279	-0.03546935	-0.03446611	-0.02850455	-0.02803509	-0.03245320	-0.03139851	-0.02554628	-0.02173268	-0.02375203	-0.02593214
-0.03630538	-0.04838284	-0.04867866	-0.04839570	-0.04806772	-0.04830566	-0.04754680	-0.04582972	-0.04136016	-0.03719929	-0.03352075	-0.03388731	-0.03736650	-0.04051127	-0.04204828	-0.04100002	-0.03859482	-0.03725074	-0.03804175	-0.03927008	-0.04206114	-0.04178461	-0.03755943	-0.03414456	-0.03458830	-0.03433749	-0.02956567	-0.02293529	-0.01997058	-0.02195777	-0.02880038
-0.03706424	-0.04862078	-0.04855647	-0.04783620	-0.04802270	-0.04808058	-0.04757896	-0.04800984	-0.04745677	-0.04606124	-0.04381681	-0.04263993	-0.04402260	-0.04438917	-0.04186821	-0.03869129	-0.03563655	-0.03694848	-0.04035049	-0.04513517	-0.04673006	-0.04577184	-0.04537312	-0.04436345	-0.04348883	-0.03961735	-0.03552079	-0.03210592	-0.03194515	-0.03404809	-0.03780381
-0.04377179	-0.04855647	-0.04855004	-0.04812559	-0.04801627	-0.04828637	-0.04860792	-0.04869152	-0.04842785	-0.04825422	-0.04787479	-0.04799054	-0.04806128	-0.04748249	-0.04614484	-0.04451136	-0.04378466	-0.04603551	-0.04835711	-0.04932176	-0.04802270	-0.04762398	-0.04714808	-0.04613198	-0.04339879	-0.04309011	-0.04552746	-0.04602265	-0.04582329	-0.04627989	-0.04544386
-0.04465284	-0.04952756	-0.04871725	-0.04846644	-0.04817061	-0.04823492	-0.04855004	-0.04912883	-0.04909668	-0.04933463	-0.04918671	-0.04936678	-0.04922530	-0.04933463	-0.04874297	-0.04863365	-0.04986197	-0.05069800	-0.05013207	-0.04795839	-0.04603551	-0.04500655	-0.04377822	-0.04188750	-0.04137302	-0.04433772	-0.04752751	-0.04894233	-0.04831209	-0.04737960	-0.04658858
-0.04802270	-0.04914170	-0.04944395	-0.04946325	-0.04828637	-0.04811273	-0.04860149	-0.04898735	-0.04911597	-0.04953399	-0.04972049	-0.04975264	-0.04894877	-0.04860149	-0.04824135	-0.04859506	-0.04948897	-0.04937321	-0.04844071	-0.04757896	-0.04691013	-0.04595834	-0.04325088	-0.04118009	-0.04206757	-0.04440203	-0.04644067	-0.04509015	-0.04410621	-0.04428628	-0.04494867
-0.04712236	-0.04906452	-0.04860149	-0.04877513	-0.04878156	-0.04903880	-0.04929604	-0.04953399	-0.04957257	-0.05001632	-0.04975907	-0.04877513	-0.04835068	-0.04802270	-0.04834425	-0.04952113	-0.04982982	-0.04982982	-0.04927032	-0.04916099	-0.04959830	-0.04867866	-0.04811916	-0.04717380	-0.04673649	-0.04723168	-0.04644710	-0.04449850	-0.04444705	-0.04492295	-0.04542457
-0.04903237	-0.04940537	-0.04896163	-0.04977837	-0.04968833	-0.04946325	-0.04966261	-0.05004204	-0.05049221	-0.04943109	-0.04862721	-0.04805485	-0.04797768	-0.04844715	-0.04919958	-0.04955971	-0.04916742	-0.04792623	-0.04750822	-0.04866580	-0.05054366	-0.05089093	-0.05026712	-0.04979766	-0.04935392	-0.04952113	-0.04788122	-0.04746963	-0.04723811	-0.04725098	-0.04752751
-0.04885230	-0.04977194	-0.04949540	-0.05004847	-0.05024783	-0.05010635	-0.05052437	-0.05013850	-0.05016423	-0.04940537	-0.04871082	-0.04791337	-0.04804842	-0.04890375	-0.04959830	-0.04980409	-0.04891018	-0.04620272	-0.04584258	-0.04734101	-0.04884587	-0.04991985	-0.05011921	-0.05022211	-0.04975264	-0.04942466	-0.04922530	-0.04836997	-0.04827994	-0.04807415	-0.04818991
-0.04888446	-0.04959187	-0.04966904	-0.05018352	-0.05012564	-0.05039575	-0.05033787	-0.05027999	-0.05011921	-0.04965618	-0.04896806	-0.04887802	-0.04892304	-0.04991985	-0.05082662	-0.05033144	-0.04878156	-0.04719953	-0.04643424	-0.04729599	-0.04903880	-0.04982338	-0.04963688	-0.04980409	-0.05012564	-0.04991342	-0.04968190	-0.04938608	-0.04932176	-0.04932820	-0.04991342
-0.04914813	-0.04985554	-0.04986840	-0.05020281	-0.05000988	-0.05019638	-0.05018352	-0.05042790	-0.05035716	-0.04960473	-0.04949540	-0.04985554	-0.04988126	-0.05080090	-0.05069157	-0.04977194	-0.04920601	-0.04835068	-0.04914813	-0.05005490	-0.05024783	-0.04964332	-0.04961759	-0.04948254	-0.04992628	-0.04937321	-0.04889089	-0.04896806	-0.04939251	-0.05020281	-0.05067228
-0.05015137	-0.05017066	-0.05033787	-0.05068514	-0.05030571	-0.05016423	-0.04988126	-0.05010635	-0.05021568	-0.05011921	-0.05024783	-0.05014494	-0.05025426	-0.05046649	-0.04969476	-0.04928318	-0.04909668	-0.04932176	-0.04999059	-0.05052437	-0.05102599	-0.05074302	-0.05028642	-0.05003561	-0.04955971	-0.04908382	-0.04909668	-0.04948897	-0.04958544	-0.04960473	-0.04990056
-0.04998416	-0.05030571	-0.05011278	-0.05067228	-0.05043433	-0.04978480	-0.04970120	-0.05007419	-0.04968190	-0.04973978	-0.05018352	-0.05042790	-0.05038288	-0.05011278	-0.04953399	-0.04871082	-0.04891661	-0.04934106	-0.04949540	-0.04975264	-0.04984268	-0.05027999	-0.05083305	-0.05056938	-0.05060797	-0.05060154	-0.05024783	-0.05017709	-0.05022854	-0.04977194	-0.05004847
-0.04998416	-0.05017709	-0.05043433	-0.05012564	-0.05012564	-0.04991985	-0.04998416	-0.04986197	-0.05027999	-0.05038931	-0.05060797	-0.05076874	-0.05078161	-0.04976551	-0.04946325	-0.04894233	-0.04841499	-0.04919958	-0.04990056	-0.05001632	-0.05026069	-0.05049864	-0.05049221	-0.05051150	-0.05065942	-0.05047935	-0.05045362	-0.05076231	-0.05046649	-0.05041504	-0.05058868
-0.04990056	-0.05055009	-0.05026712	-0.05008706	-0.05008063	-0.05017066	-0.05015780	-0.05012564	-0.05034430	-0.05081376	-0.05097454	-0.05075588	-0.05067871	-0.05035716	-0.04953399	-0.04850503	-0.04903880	-0.04977837	-0.04991985	-0.05007419	-0.04980409	-0.05007419	-0.05024140	-0.05066585	-0.05080733	-0.05048578	-0.05041504	-0.05069157	-0.05067871	-0.05040218	-0.04988769
-0.05006133	-0.04986840	-0.05006776	-0.04989413	-0.05026069	-0.05059511	-0.05055009	-0.05046649	-0.05080090	-0.05049864	-0.05071730	-0.05053080	-0.05017709	-0.04930890	-0.04919314	-0.04941823	-0.04947611	-0.04958544	-0.05046649	-0.05042790	-0.05001632	-0.05018352	-0.05021568	-0.05032500	-0.05051150	-0.05065299	-0.05003561	-0.04987483	-0.05007419	-0.05051793	-0.05064656
-0.05044719	-0.05050507	-0.05053723	-0.05004847	-0.05049864	-0.05089093	-0.05088450	-0.05055009	-0.05088450	-0.05073659	-0.05063369	-0.05074302	-0.05022211	-0.04997130	-0.05013207	-0.05026069	-0.05036359	-0.05066585	-0.05107743	-0.05053080	-0.05057581	-0.05076231	-0.05085878	-0.05092309	-0.05067871	-0.05039575	-0.05056295	-0.05050507	-0.05024783	-0.04993914	-0.05043433
-0.05075588	-0.05071087	-0.05052437	-0.05039575	-0.05053080	-0.05037002	-0.05079447	-0.05092309	-0.05066585	-0.05027356	-0.05007419	-0.05035073	-0.05039575	-0.05029928	-0.05024783	-0.05071730	-0.05093595	-0.05084592	-0.05082019	-0.05088450	-0.05105814	-0.05102599	-0.05062083	-0.05071730	-0.05052437	-0.05071087	-0.05073016	-0.05064012	-0.05018352	-0.05053080	-0.05104528
-0.05079447	-0.05058868	-0.05014494	-0.05019638	-0.05024140	-0.05051150	-0.05006776	-0.05109030	-0.05100026	-0.05041504	-0.05046006	-0.04967547	-0.05011278	-0.04964332	-0.04994557	-0.05046006	-0.05042790	-0.05067228	-0.05062726	-0.05058224	-0.05064656	-0.05058224	-0.05060797	-0.05105171	-0.05134754	-0.05082019	-0.05079447	-0.05055009	-0.05023497	-0.05036359	-0.05058868
-0.05049221	-0.05055009	-0.05034430	-0.04988126	-0.05068514	-0.05090380	-0.05065299	-0.05035073	-0.04999059	-0.05000988	-0.05055009	-0.05010635	-0.04990056	-0.04982982	-0.04982982	-0.05017709	-0.05012564	-0.05054366	-0.05110316	-0.05111602	-0.05112888	-0.05097454	-0.05036359	-0.05013850	-0.05036359	-0.05094238	-0.05092309	-0.05068514	-0.05055652	-0.05086521	-0.05094881
-0.05116747	-0.05041504	-0.05049864	-0.05070443	-0.05068514	-0.05024140	-0.05078804	-0.05061440	-0.05053080	-0.05025426	-0.04982338	-0.04983625	-0.05017066	-0.04981695	-0.04990056	-0.05039575	-0.05069157	-0.05042147	-0.05054366	-0.05055009	-0.05056295	-0.05054366	-0.05073659	-0.05049221	-0.05052437	-0.05061440	-0.05072373	-0.05123178	-0.05153404	-0.05129609	-0.05117390
