-0.05013207	-0.05037645	-0.05041504	-0.04995200	-0.04958544	-0.04938608	-0.04960473	-0.05002918	-0.05013850	-0.05001632	-0.04843428	-0.04665289	-0.04619629	-0.04683939	-0.04741818	-0.04688441	-0.04676222	-0.04534096	-0.04301293	-0.04178461	-0.04188750	-0.04330876	-0.04474931	-0.04618343	-0.04710306	-0.04818991	-0.04882658	-0.04695515	-0.04064632	-0.03696777	-0.03807391
-0.04800984	-0.04979766	-0.04979766	-0.04977194	-0.04968190	-0.04980409	-0.05005490	-0.05018995	-0.05035073	-0.04953399	-0.04663360	-0.04404833	-0.04447921	-0.04539884	-0.04512231	-0.04397116	-0.04471072	-0.04303866	-0.03893567	-0.03345000	-0.03247892	-0.03595810	-0.03834401	-0.03986816	-0.04036335	-0.04460140	-0.04777189	-0.04676865	-0.03943085	-0.03200303	-0.03172649
-0.04960473	-0.04949540	-0.04966904	-0.04914170	-0.04950826	-0.05030571	-0.05009992	-0.05024783	-0.04948897	-0.04590046	-0.03952089	-0.03728932	-0.03555938	-0.02954638	-0.01920529	-0.01790623	-0.02438870	-0.02994510	-0.01648497	-0.00692204	-0.00042671	-0.00757158	-0.01287074	-0.01698016	-0.02215070	-0.03047244	-0.04208044	-0.04698087	-0.04020901	-0.03105767	-0.02968143
-0.04809344	-0.04962402	-0.04978480	-0.04988126	-0.05026069	-0.05051793	-0.04988126	-0.04933463	-0.04734744	-0.03875560	-0.03324421	-0.02902546	-0.01703804	0.02012040	0.05394757	0.06688679	0.04217880	0.01455114	0.02376036	0.05273211	0.06147830	0.05208901	0.03505323	0.02319443	0.01222954	-0.00373226	-0.02149474	-0.04384897	-0.04501298	-0.03439537	-0.03130204
-0.04988769	-0.05022854	-0.05060154	-0.05017709	-0.05069800	-0.05065942	-0.04979123	-0.04864008	-0.04231195	-0.03476193	-0.02707686	-0.02048507	0.01444181	0.08446277	0.18473525	0.20598334	0.16020090	0.10249535	0.09828303	0.13250249	0.14945466	0.12555056	0.09017351	0.06963926	0.04587021	0.02711735	-0.00443967	-0.03123130	-0.04664646	-0.04270424	-0.03883920
-0.04793266	-0.04959187	-0.04976551	-0.05032500	-0.05048578	-0.05011921	-0.04961116	-0.04674936	-0.03993891	-0.03040170	-0.02672316	-0.01391256	0.03985077	0.18472881	0.32476430	0.40939653	0.34645613	0.22039526	0.19256180	0.22828612	0.23608052	0.18912763	0.14617484	0.09969142	0.07047529	0.03996010	0.01655118	-0.01809916	-0.03759158	-0.04542457	-0.04530881
-0.05029928	-0.04975907	-0.05008706	-0.05040861	-0.05032500	-0.04962402	-0.04918671	-0.04622201	-0.03932153	-0.03321206	-0.02880681	-0.01458782	0.06439155	0.24032499	0.49582946	0.61214090	0.51862743	0.36265587	0.27249939	0.29891159	0.29213973	0.23221547	0.15870247	0.11464355	0.06734982	0.04178651	0.01956090	-0.00216952	-0.03018948	-0.04121868	-0.04620915
-0.04902594	-0.04950826	-0.04970763	-0.05017066	-0.04991342	-0.04900021	-0.04858220	-0.04608696	-0.04243414	-0.03790027	-0.03511564	-0.01689656	0.05480933	0.28372795	0.53485289	0.70810460	0.61186437	0.38105502	0.30790216	0.31259037	0.29727811	0.21137897	0.15637444	0.10257895	0.06165837	0.02750964	0.02149021	0.00872463	-0.01123726	-0.03202875	-0.04017685
-0.04991342	-0.05035073	-0.05064656	-0.05082662	-0.05014494	-0.04952113	-0.04897449	-0.04796482	-0.04608696	-0.04555962	-0.04116080	-0.03135349	0.02693728	0.17670290	0.44032331	0.56149018	0.47033046	0.31801173	0.22056889	0.23599048	0.21873605	0.17013040	0.12731266	0.09958853	0.05088640	0.02415265	0.01979242	0.01720715	0.00334830	-0.01128871	-0.02775855
-0.04322516	-0.04966904	-0.05019638	-0.05035073	-0.04968833	-0.04883944	-0.04910311	-0.04878799	-0.04901308	-0.04824135	-0.04478146	-0.03499345	-0.01406048	0.08026974	0.18140398	0.26960543	0.20618913	0.10922220	0.09885539	0.13507490	0.13144137	0.11228979	0.10903570	0.09234720	0.05742032	0.02365103	0.02156095	0.02410120	0.01979242	0.00557986	-0.01380967
-0.04785549	-0.05004204	-0.04998416	-0.05065942	-0.04993271	-0.04912240	-0.04870439	-0.04834425	-0.04877513	-0.04935392	-0.04502584	-0.03517995	-0.02011850	0.00059582	0.04415956	0.04574802	0.02462855	0.00092380	0.03441013	0.06911192	0.08216046	0.08767185	0.09585853	0.08476502	0.04931080	0.03003703	0.02367032	0.02839069	0.02813345	0.01271186	-0.01862650
-0.04202899	-0.05027356	-0.05070443	-0.05023497	-0.04957257	-0.04799697	-0.04792623	-0.04853718	-0.04866580	-0.04949540	-0.04686511	-0.03585521	-0.02670386	-0.02236936	-0.02794505	-0.03496773	-0.04133444	-0.02140470	0.00712974	0.03547768	0.04686702	0.06174197	0.06743985	0.05688655	0.03873178	0.02237126	0.02013969	0.02503370	0.02399831	0.00362483	-0.02171982
-0.04812559	-0.05004847	-0.05012564	-0.05041504	-0.04986197	-0.04921887	-0.04851146	-0.04905809	-0.04898092	-0.04928318	-0.04981052	-0.04563036	-0.03642114	-0.03215094	-0.03487126	-0.03757872	-0.03694848	-0.02573921	-0.01178390	-0.00385445	0.00622939	0.01724573	0.02556104	0.02486006	0.02189536	0.01833258	0.01405595	0.01385659	0.00919410	-0.00579018	-0.02824731
-0.04397759	-0.05008706	-0.05031857	-0.05030571	-0.04979766	-0.04931533	-0.04864651	-0.04871725	-0.04932176	-0.04956614	-0.04964332	-0.04936678	-0.04713522	-0.04377179	-0.04271068	-0.04258849	-0.04250488	-0.04159168	-0.04109649	-0.03525069	-0.02544981	-0.01270353	-0.00576446	0.00552198	0.01206876	0.01061535	0.00556057	0.00111673	-0.00348145	-0.01431129	-0.02215070
-0.04950183	-0.04981695	-0.04982338	-0.05046006	-0.05000988	-0.04936678	-0.04791980	-0.04777189	-0.04921887	-0.05001632	-0.04970120	-0.04929604	-0.04933463	-0.04885230	-0.04804842	-0.04819634	-0.04793910	-0.04829280	-0.04529595	-0.04119295	-0.03292266	-0.02725050	-0.01639494	-0.00488984	0.00287883	0.00116818	-0.00760373	-0.01144305	-0.01525665	-0.01671649	-0.01568752
-0.04462712	-0.05004847	-0.05034430	-0.05055652	-0.05018352	-0.04977194	-0.04939894	-0.04827994	-0.04873011	-0.05027999	-0.05015137	-0.04999702	-0.04977194	-0.04986197	-0.04977837	-0.04913527	-0.04781047	-0.04563679	-0.04211902	-0.04018328	-0.03836974	-0.03508348	-0.02969429	-0.02321825	-0.02358482	-0.02695467	-0.03105767	-0.03193871	-0.02835021	-0.02132753	-0.01842714
-0.04908382	-0.04986840	-0.05035073	-0.05013207	-0.05018995	-0.05032500	-0.04966904	-0.04888446	-0.04809344	-0.04843428	-0.04973335	-0.05053723	-0.05002918	-0.05039575	-0.05044076	-0.04976551	-0.04743104	-0.04567538	-0.04427984	-0.04364317	-0.04234411	-0.03988746	-0.03640827	-0.03649831	-0.03827327	-0.03956591	-0.04033763	-0.03887779	-0.03445968	-0.03104480	-0.03105767
-0.04820277	-0.05057581	-0.05026712	-0.04981052	-0.05013207	-0.05056938	-0.05038288	-0.04963045	-0.04930890	-0.04925745	-0.04908382	-0.04945039	-0.05010635	-0.05089093	-0.05087807	-0.05025426	-0.04995200	-0.04910311	-0.04898092	-0.04682010	-0.04385540	-0.04131514	-0.03994534	-0.03943729	-0.03799031	-0.03749512	-0.03878132	-0.03948230	-0.03839546	-0.03731505	-0.03852408
-0.05013850	-0.05062083	-0.05071730	-0.05013207	-0.05003561	-0.05008706	-0.04994557	-0.05029285	-0.04986840	-0.04966261	-0.04953399	-0.04986197	-0.04973335	-0.04914813	-0.04866580	-0.04799697	-0.04787479	-0.04824135	-0.04810630	-0.04644710	-0.04447921	-0.04202899	-0.03993247	-0.03847906	-0.03531500	-0.03465904	-0.03694848	-0.03777808	-0.03703208	-0.03668481	-0.03927651
-0.04833139	-0.05003561	-0.05009992	-0.04987483	-0.05008063	-0.05009992	-0.05044719	-0.05062726	-0.05077518	-0.05015137	-0.05070443	-0.05070443	-0.05046006	-0.04878799	-0.04761754	-0.04723811	-0.04712879	-0.04849216	-0.04927032	-0.04882015	-0.04826708	-0.04700660	-0.04622201	-0.04320586	-0.04094858	-0.03941799	-0.03919934	-0.03881991	-0.03770734	-0.03831829	-0.03892280
-0.05002275	-0.05016423	-0.05000345	-0.04995844	-0.05002918	-0.05048578	-0.05124464	-0.05126393	-0.05037002	-0.05030571	-0.05004204	-0.05074945	-0.05067871	-0.05044719	-0.04941180	-0.04916742	-0.04975264	-0.05044719	-0.05118033	-0.05159192	-0.05127680	-0.05089736	-0.05051793	-0.04917385	-0.04700660	-0.04587474	-0.04390041	-0.04283930	-0.04172030	-0.04194538	-0.04187464
-0.04936035	-0.05047292	-0.05077518	-0.05086521	-0.05109030	-0.05105171	-0.05098097	-0.05097454	-0.05114817	-0.05087164	-0.05103242	-0.05036359	-0.05035716	-0.05082019	-0.05091023	-0.05103885	-0.05103242	-0.05097454	-0.05010635	-0.04923816	-0.04936035	-0.04963688	-0.04927032	-0.04853718	-0.04840856	-0.04813846	-0.04796482	-0.04727670	-0.04730242	-0.04651141	-0.04589403
-0.05018352	-0.05060154	-0.05050507	-0.05058868	-0.05082019	-0.05139255	-0.05110959	-0.05077518	-0.05044076	-0.05076231	-0.05143114	-0.05089736	-0.05080733	-0.05049864	-0.05071730	-0.05126393	-0.05090380	-0.05043433	-0.04959830	-0.04900021	-0.04910954	-0.04909025	-0.04900664	-0.04813846	-0.04780404	-0.04840213	-0.04903237	-0.04946968	-0.04874297	-0.04817704	-0.04773973
-0.05053080	-0.05069800	-0.05051793	-0.05087807	-0.05104528	-0.05077518	-0.05084592	-0.05020281	-0.05023497	-0.05031857	-0.05038288	-0.05056938	-0.05015780	-0.05020925	-0.05077518	-0.05142471	-0.05099383	-0.05004847	-0.05034430	-0.05089736	-0.05052437	-0.05026069	-0.04979766	-0.04899378	-0.04876227	-0.04868509	-0.04873654	-0.04889089	-0.04858220	-0.04839570	-0.04853718
-0.05080733	-0.05071087	-0.05094238	-0.05133467	-0.05121249	-0.05118033	-0.05137326	-0.05107743	-0.05070443	-0.05058224	-0.05087807	-0.05089736	-0.05080090	-0.05072373	-0.05091666	-0.05064012	-0.04928961	-0.04903880	-0.05001632	-0.05047292	-0.05140542	-0.05115461	-0.05109030	-0.05066585	-0.05047292	-0.05016423	-0.04948254	-0.04919958	-0.04924459	-0.04925745	-0.04878156
-0.05080090	-0.05104528	-0.05067228	-0.05132181	-0.05112888	-0.05086521	-0.05084592	-0.05121249	-0.05114174	-0.05115461	-0.05091666	-0.05079447	-0.05146329	-0.05122535	-0.05110316	-0.05029285	-0.04966904	-0.04898735	-0.04930247	-0.05011278	-0.05093595	-0.05137326	-0.05147616	-0.05117390	-0.05078161	-0.05047292	-0.05055652	-0.05004204	-0.04958544	-0.04948897	-0.04919958
-0.05098097	-0.05123178	-0.05098740	-0.05053080	-0.05091023	-0.05103242	-0.05097454	-0.05091666	-0.05084592	-0.05098740	-0.05074945	-0.05112888	-0.05150831	-0.05170124	-0.05157905	-0.05121249	-0.05016423	-0.04964332	-0.05000988	-0.05047292	-0.05103885	-0.05153404	-0.05131538	-0.05102599	-0.05114174	-0.05123178	-0.05078161	-0.05067228	-0.05022211	-0.05009349	-0.04974621
-0.05089093	-0.05132181	-0.05102599	-0.05101955	-0.05100669	-0.05097454	-0.05058224	-0.05074302	-0.05087807	-0.05065299	-0.05114174	-0.05143114	-0.05108386	-0.05141828	-0.05175269	-0.05132824	-0.05107100	-0.05096811	-0.05098740	-0.05142471	-0.05136683	-0.05100669	-0.05111602	-0.05105171	-0.05139898	-0.05154047	-0.05087164	-0.05051793	-0.05002275	-0.04980409	-0.05023497
-0.05094238	-0.05128966	-0.05114174	-0.05095524	-0.05050507	-0.05055009	-0.05060154	-0.05051793	-0.05055009	-0.05073659	-0.05076874	-0.05146973	-0.05129609	-0.05096168	-0.05101955	-0.05030571	-0.05054366	-0.05087807	-0.05103885	-0.05139898	-0.05144400	-0.05155976	-0.05166266	-0.05149545	-0.05110959	-0.05087807	-0.05127680	-0.05119962	-0.05134754	-0.05110959	-0.05076231
-0.05070443	-0.05097454	-0.05105171	-0.05105171	-0.05089093	-0.05095524	-0.05112245	-0.05114174	-0.05123178	-0.05087164	-0.05083949	-0.05110959	-0.05143757	-0.05069800	-0.05058868	-0.05004847	-0.05045362	-0.05085235	-0.05073659	-0.05127036	-0.05118033	-0.05121249	-0.05132824	-0.05081376	-0.05103242	-0.05078804	-0.05061440	-0.05089093	-0.05119962	-0.05110959	-0.05131538
-0.05096811	-0.05074302	-0.05109673	-0.05120605	-0.05131538	-0.05126393	-0.05078804	-0.05063369	-0.05074302	-0.05119962	-0.05115461	-0.05140542	-0.05118033	-0.05113531	-0.05064012	-0.05081376	-0.05070443	-0.05114174	-0.05104528	-0.05103242	-0.05128966	-0.05105171	-0.05117390	-0.05128966	-0.05100026	-0.05112888	-0.05090380	-0.05107100	-0.05109030	-0.05135397	-0.05109673
