-0.04349526	-0.04799054	-0.04878799	-0.04861435	-0.04698087	-0.04429914	-0.03563012	-0.02483887	0.00136754	0.03371558	0.07874559	0.11441846	0.13349287	0.11828351	0.07356218	0.02550960	0.00925197	0.02244843	0.03016566	0.00026141	-0.03516066	-0.04355314	-0.04226693	-0.04394543	-0.04195825	-0.03013803	-0.00903785	0.00625512	0.01008801	-0.00023378	-0.01338522
-0.04424769	-0.04779118	-0.04945682	-0.04895520	-0.04737960	-0.04331519	-0.03404166	-0.01321158	0.01637111	0.07425674	0.13527426	0.20736601	0.23964973	0.22888420	0.16980885	0.08117008	0.05625631	0.10319633	0.12364055	0.06848168	-0.00044601	-0.03186797	-0.03085830	-0.03593881	-0.04130871	-0.03391304	-0.01933391	-0.00323707	0.00316180	-0.00206019	-0.01071635
-0.04824778	-0.04825422	-0.04892304	-0.04885873	-0.04597120	-0.03963665	-0.02143043	0.00489817	0.06363912	0.14365388	0.25811320	0.34403807	0.44851644	0.46236885	0.36149186	0.21418289	0.13808462	0.19231742	0.22373939	0.14128727	0.01547077	-0.01862650	-0.01807343	-0.02723121	-0.04141804	-0.03881991	-0.02882610	-0.02079376	-0.01224693	-0.01000893	-0.01673578
-0.04278142	-0.04622201	-0.04840213	-0.04788765	-0.04322516	-0.03271044	-0.01139160	0.03817228	0.10579446	0.22092260	0.33837877	0.46856193	0.60954920	0.65922884	0.53480788	0.27631942	0.19918575	0.25635110	0.28448681	0.15272162	0.03332972	-0.01844643	-0.01305724	-0.02543695	-0.03773306	-0.03681986	-0.03480052	-0.03435035	-0.03105767	-0.02447230	-0.02449159
-0.04620915	-0.04716737	-0.04887802	-0.04766256	-0.04168814	-0.02801579	0.00417147	0.05650712	0.14798196	0.25529641	0.37815463	0.47998342	0.59293144	0.62621841	0.49557865	0.29558675	0.16171219	0.22448539	0.24732837	0.13140279	-0.00844620	-0.02079376	-0.00794458	-0.02209282	-0.03536002	-0.02734697	-0.02744986	-0.03845334	-0.04041480	-0.03408024	-0.02755276
-0.04181033	-0.04504514	-0.04778475	-0.04611912	-0.03536002	-0.01836926	0.01314274	0.07885492	0.15321038	0.26189464	0.35381322	0.42216211	0.45746842	0.43903711	0.31538787	0.11257276	0.07799959	0.15164764	0.15184057	0.04713712	-0.01422768	-0.00670339	0.00280809	-0.01645925	-0.02320539	-0.01532096	-0.01889660	-0.03415099	-0.03732791	-0.02953351	-0.02495463
-0.03934082	-0.04628632	-0.04817704	-0.04670434	-0.03469762	-0.01860721	0.02443562	0.07183867	0.15206566	0.22539859	0.29156737	0.29844856	0.26659571	0.22473620	0.09712545	0.01428746	0.03153546	0.09519614	0.09273306	0.01877632	-0.01242700	0.01239031	0.01775378	-0.00555224	-0.01809916	-0.01316013	-0.01993200	-0.03089046	-0.03391304	-0.02654952	-0.02063941
-0.02966213	-0.04340523	-0.04761111	-0.04391971	-0.03231171	-0.01245272	0.01532286	0.06711187	0.10918361	0.16858052	0.18944275	0.18553912	0.12611006	0.05327874	-0.02182915	-0.02470382	0.02268638	0.07895781	0.05731743	0.01004942	0.01421672	0.03355480	0.02183105	-0.01191252	-0.01823421	-0.01936607	-0.02771997	-0.03724431	-0.03357219	-0.02609292	-0.02105100
-0.02952065	-0.04471715	-0.04588117	-0.04548888	-0.03287121	-0.02004776	0.01318776	0.04014017	0.08228265	0.10742794	0.12537692	0.10365936	0.04635254	-0.00164861	-0.02573278	-0.00041385	0.04587664	0.05376107	0.02430056	0.01322635	0.02061559	0.02104004	-0.00810535	-0.02654952	-0.03320563	-0.03708353	-0.04394543	-0.04463998	-0.03830543	-0.03272973	-0.02412502
-0.02442085	-0.04377179	-0.04535382	-0.04414479	-0.03435035	-0.02397068	-0.00494772	0.01754156	0.03523973	0.05003108	0.04654547	0.03590856	0.01547720	-0.00425317	-0.00705709	0.00592071	0.01212021	-0.00070325	-0.01326946	-0.01280643	-0.01002180	-0.01984840	-0.03512207	-0.03755943	-0.03824755	-0.04235697	-0.04370748	-0.03835687	-0.03603528	-0.03273616	-0.02858815
-0.02195134	-0.04545672	-0.04496153	-0.04692299	-0.04066561	-0.03604814	-0.02103813	-0.00998964	0.00624869	0.01015232	0.00700112	-0.00089618	-0.01321801	-0.02182915	-0.02324397	-0.02244010	-0.02471025	-0.03246606	-0.03417028	-0.03456257	-0.03820253	-0.04353385	-0.04012540	-0.03337283	-0.03271687	-0.03348216	-0.02881324	-0.02358482	-0.02475526	-0.02647878	-0.02671029
-0.01511516	-0.04561750	-0.04463998	-0.04618986	-0.04282000	-0.03793886	-0.03335354	-0.02618938	-0.01797697	-0.01137874	-0.01272926	-0.01913455	-0.02682605	-0.03317990	-0.03340499	-0.03112841	-0.03133420	-0.03411240	-0.03597097	-0.03985530	-0.04350169	-0.04274283	-0.03507062	-0.02848526	-0.02984863	-0.02832448	-0.02124393	-0.01703161	-0.01797054	-0.02427294	-0.02746916
-0.03426031	-0.04648568	-0.04447277	-0.04757896	-0.04602908	-0.04532810	-0.04114151	-0.03720572	-0.03146925	-0.02991937	-0.02961712	-0.03111554	-0.03453042	-0.03399021	-0.03168791	-0.02799007	-0.02790646	-0.03140494	-0.03871058	-0.04294219	-0.04553389	-0.04260778	-0.03786812	-0.03494843	-0.03434392	-0.03098692	-0.02506395	-0.02327613	-0.02728909	-0.03062036	-0.03496773
-0.03645972	-0.04721239	-0.04430557	-0.04750179	-0.04624774	-0.04569467	-0.04413836	-0.04274283	-0.04200969	-0.04062702	-0.04026046	-0.03955947	-0.03969453	-0.03701279	-0.03323135	-0.03080686	-0.03408668	-0.04009968	-0.04518662	-0.04754680	-0.04770115	-0.04728313	-0.04734744	-0.04549531	-0.04385540	-0.04010611	-0.03876203	-0.03773950	-0.03942442	-0.04090999	-0.04114794
-0.03999678	-0.04738603	-0.04503227	-0.04720596	-0.04721239	-0.04763041	-0.04646639	-0.04705805	-0.04572039	-0.04562393	-0.04508372	-0.04546958	-0.04358529	-0.04184892	-0.03990675	-0.04161097	-0.04578470	-0.04838284	-0.04913527	-0.04837640	-0.04732815	-0.04808058	-0.04804842	-0.04691656	-0.04647282	-0.04799697	-0.04855004	-0.04889089	-0.04797768	-0.04797768	-0.04698730
-0.04307724	-0.04894877	-0.04525736	-0.04796482	-0.04788765	-0.04813846	-0.04848573	-0.04945039	-0.04936035	-0.04909668	-0.04888446	-0.04832496	-0.04709020	-0.04627346	-0.04591332	-0.04739889	-0.04906452	-0.04936678	-0.04812559	-0.04619629	-0.04600336	-0.04582329	-0.04407405	-0.04359816	-0.04502584	-0.04856934	-0.04880085	-0.04676222	-0.04604838	-0.04709020	-0.04770115
-0.04479433	-0.04887802	-0.04680080	-0.04874940	-0.04844071	-0.04855647	-0.04916099	-0.04976551	-0.05047292	-0.05055652	-0.05033787	-0.04950183	-0.04842785	-0.04759825	-0.04809987	-0.04895520	-0.05049864	-0.05002918	-0.04876870	-0.04831209	-0.04804842	-0.04687155	-0.04469143	-0.04462712	-0.04725741	-0.04782977	-0.04596477	-0.04327017	-0.04366890	-0.04570110	-0.04786192
-0.04505157	-0.04921244	-0.04693586	-0.04879442	-0.04896163	-0.04923173	-0.04973335	-0.04984911	-0.04975907	-0.04932176	-0.04876227	-0.04865294	-0.04849216	-0.04871082	-0.04966261	-0.05034430	-0.04967547	-0.04930247	-0.04963688	-0.04977194	-0.05038931	-0.04982338	-0.04883301	-0.04855647	-0.04869152	-0.04836354	-0.04608696	-0.04461426	-0.04606767	-0.04748249	-0.04867223
-0.04956614	-0.04943109	-0.04928961	-0.04975264	-0.04989413	-0.05017709	-0.05010635	-0.04991985	-0.04904523	-0.04815775	-0.04772044	-0.04773330	-0.04892947	-0.04947611	-0.05035073	-0.04996487	-0.04871725	-0.04726384	-0.04781047	-0.04961116	-0.05117390	-0.05098097	-0.05037002	-0.05054366	-0.05069157	-0.04978480	-0.04883301	-0.04870439	-0.04902594	-0.04890375	-0.04910954
-0.04837640	-0.05010635	-0.04912883	-0.05050507	-0.05078804	-0.05060154	-0.05020281	-0.05018352	-0.04985554	-0.04861435	-0.04812559	-0.04846644	-0.04889089	-0.05008706	-0.04995844	-0.04909668	-0.04718023	-0.04605481	-0.04682653	-0.04905809	-0.05035716	-0.05054366	-0.05031214	-0.05085878	-0.05092952	-0.05057581	-0.04993914	-0.04945682	-0.04961116	-0.05011921	-0.05056938
-0.04946325	-0.05028642	-0.04971406	-0.05034430	-0.05056938	-0.05027999	-0.05022211	-0.05000988	-0.05000988	-0.04956614	-0.04911597	-0.04943752	-0.04999702	-0.05046006	-0.05048578	-0.04881371	-0.04705161	-0.04660787	-0.04788765	-0.05008706	-0.05108386	-0.05064656	-0.04993271	-0.05032500	-0.05064012	-0.05031857	-0.04987483	-0.04991985	-0.05013850	-0.05110959	-0.05121249
-0.04995200	-0.05063369	-0.05058868	-0.05121892	-0.05049864	-0.05078161	-0.05044719	-0.05007419	-0.05017709	-0.04995200	-0.05035716	-0.05107100	-0.05153404	-0.05146973	-0.05051793	-0.04925102	-0.04818347	-0.04763684	-0.04901308	-0.05047935	-0.05128323	-0.05132824	-0.05110316	-0.05084592	-0.05053080	-0.05021568	-0.04997130	-0.05067228	-0.05119962	-0.05123178	-0.05107743
-0.05056938	-0.05067871	-0.05039575	-0.05092309	-0.05036359	-0.05022854	-0.04995844	-0.05024140	-0.05029928	-0.05019638	-0.05064656	-0.05083949	-0.05109673	-0.05069800	-0.04997773	-0.04930890	-0.04912883	-0.04944395	-0.05026069	-0.05066585	-0.05132824	-0.05158548	-0.05100026	-0.05132824	-0.05074945	-0.05049864	-0.05053723	-0.05054366	-0.05089736	-0.05080090	-0.05057581
-0.05002918	-0.05006776	-0.05012564	-0.05044719	-0.05049221	-0.05074302	-0.05055652	-0.05044076	-0.05085235	-0.05121892	-0.05133467	-0.05135397	-0.05125750	-0.05031214	-0.04951470	-0.04901308	-0.04959187	-0.05060154	-0.05063369	-0.05089093	-0.05072373	-0.05064656	-0.05040861	-0.05080733	-0.05071730	-0.05065942	-0.05084592	-0.05112888	-0.05108386	-0.05139898	-0.05116747
-0.05060797	-0.05057581	-0.05109030	-0.05108386	-0.05091023	-0.05074302	-0.05060154	-0.05047292	-0.05077518	-0.05090380	-0.05157905	-0.05123178	-0.05063369	-0.04954042	-0.04902594	-0.04912883	-0.04993271	-0.05098740	-0.05154047	-0.05142471	-0.05110316	-0.05110316	-0.05139255	-0.05133467	-0.05166266	-0.05184273	-0.05150831	-0.05138612	-0.05152761	-0.05152761	-0.05144400
-0.05111602	-0.05130895	-0.05136683	-0.05128966	-0.05107100	-0.05132824	-0.05121892	-0.05113531	-0.05093595	-0.05104528	-0.05174626	-0.05142471	-0.05060797	-0.04984268	-0.04927675	-0.04921244	-0.05013850	-0.05073016	-0.05101312	-0.05101312	-0.05101955	-0.05120605	-0.05115461	-0.05143114	-0.05147616	-0.05131538	-0.05128323	-0.05127036	-0.05097454	-0.05081376	-0.05075588
-0.05087164	-0.05099383	-0.05115461	-0.05131538	-0.05104528	-0.05101955	-0.05134111	-0.05120605	-0.05157905	-0.05186202	-0.05145043	-0.05115461	-0.05011921	-0.04948254	-0.04950183	-0.04950183	-0.05038288	-0.05019638	-0.05066585	-0.05127036	-0.05111602	-0.05151474	-0.05137326	-0.05148259	-0.05168195	-0.05116104	-0.05101955	-0.05137969	-0.05145043	-0.05087807	-0.05121249
-0.05153404	-0.05184273	-0.05138612	-0.05093595	-0.05091023	-0.05142471	-0.05170124	-0.05148259	-0.05146329	-0.05153404	-0.05149545	-0.05123178	-0.05097454	-0.05040861	-0.05051793	-0.05062083	-0.05127036	-0.05133467	-0.05161764	-0.05177198	-0.05163050	-0.05207424	-0.05209353	-0.05192633	-0.05216428	-0.05202922	-0.05172054	-0.05169481	-0.05191990	-0.05193276	-0.05190060
-0.05112245	-0.05073016	-0.05102599	-0.05121249	-0.05103242	-0.05128323	-0.05168195	-0.05175269	-0.05179771	-0.05146973	-0.05103885	-0.05116104	-0.05067871	-0.05096168	-0.05083949	-0.05102599	-0.05129609	-0.05128966	-0.05136683	-0.05107743	-0.05141828	-0.05163693	-0.05130895	-0.05156619	-0.05166266	-0.05172054	-0.05163693	-0.05158548	-0.05143114	-0.05167552	-0.05165623
-0.05103242	-0.05110959	-0.05110316	-0.05125107	-0.05193919	-0.05183629	-0.05170124	-0.05158548	-0.05131538	-0.05079447	-0.05089736	-0.05060154	-0.05063369	-0.05084592	-0.05087164	-0.05127036	-0.05165623	-0.05162407	-0.05188131	-0.05173340	-0.05146329	-0.05157905	-0.05146329	-0.05150188	-0.05119319	-0.05135397	-0.05146329	-0.05155976	-0.05144400	-0.05172697	-0.05182343
-0.05176555	-0.05112888	-0.05099383	-0.05143114	-0.05177198	-0.05215785	-0.05191347	-0.05172054	-0.05169481	-0.05162407	-0.05071730	-0.05073016	-0.05081376	-0.05085235	-0.05071730	-0.05097454	-0.05148259	-0.05179771	-0.05148902	-0.05124464	-0.05147616	-0.05159835	-0.05175269	-0.05206138	-0.05177198	-0.05189417	-0.05159192	-0.05170124	-0.05152761	-0.05175269	-0.05188131
