-0.05190704	-0.04287788	-0.04536669	-0.04656929	-0.04370748	-0.02813155	-0.01683225	-0.00137207	0.02306581	0.05902808	0.08749178	0.11458567	0.11727383	0.08924745	0.04860339	0.00738698	-0.00168719	0.00576636	0.00197849	-0.02116032	-0.03824112	-0.04531524	-0.04599693	-0.04438917	-0.03376512	-0.01451708	-0.00188655	0.00372773	-0.00096692	-0.01589332	-0.02548197
-0.04873011	-0.04844071	-0.04943109	-0.04782334	-0.04509015	-0.03590022	-0.01443348	0.01453184	0.06379990	0.11815488	0.18765493	0.22898067	0.24367555	0.20388683	0.12481099	0.06065513	0.04119486	0.06015994	0.05788979	0.01713641	-0.03285835	-0.03923149	-0.03754013	-0.04053056	-0.03479409	-0.01991914	-0.00424031	0.00338688	0.00093666	-0.01045267	-0.02454947
-0.04404190	-0.04586188	-0.04934106	-0.04509658	-0.03935368	-0.02263303	0.00464736	0.05529809	0.11119009	0.20725668	0.28514921	0.36190344	0.38000034	0.34340140	0.24056937	0.11762111	0.09201278	0.13488197	0.13312630	0.04973525	-0.01303151	-0.03372654	-0.02845953	-0.03524426	-0.03673626	-0.02531476	-0.01525022	-0.00922435	-0.00919219	-0.01623416	-0.02621511
-0.04615127	-0.04498083	-0.04836997	-0.04334092	-0.03146925	-0.01098002	0.03606290	0.09156904	0.18185415	0.27516183	0.38453421	0.44780902	0.47793193	0.44549386	0.30793432	0.18486387	0.13129989	0.18233004	0.18496033	0.08709948	-0.01905095	-0.02765565	-0.01824064	-0.02943705	-0.03948230	-0.03135349	-0.02535978	-0.02994510	-0.03087760	-0.03019591	-0.03120558
-0.04210616	-0.04242128	-0.04777189	-0.03816394	-0.02438227	0.00558629	0.04878989	0.12868247	0.20903807	0.32139444	0.40834185	0.46746222	0.48594498	0.46087686	0.33795432	0.15896614	0.13024520	0.18664526	0.17798910	0.05509872	-0.02287098	-0.02617009	-0.01369391	-0.02923769	-0.03797744	-0.02794505	-0.02703185	-0.03575874	-0.03844691	-0.03401593	-0.02967500
-0.03988746	-0.04283286	-0.04633134	-0.03952089	-0.01652356	0.01039027	0.06991580	0.12980146	0.22199658	0.31214663	0.38068846	0.37996818	0.34659761	0.28771519	0.16936511	0.07966522	0.06967142	0.12103598	0.10490055	0.01679556	-0.03966880	-0.01581615	-0.00227241	-0.02294815	-0.03377799	-0.02459449	-0.02445301	-0.03465904	-0.03890994	-0.03332782	-0.02318610
-0.03463331	-0.04376536	-0.04448564	-0.03360435	-0.01326946	0.01949659	0.06146543	0.13654760	0.19820180	0.27826802	0.30553554	0.28557366	0.22505132	0.14105575	0.05398616	-0.00077399	0.03140684	0.09594214	0.07062964	-0.01079352	-0.02221501	0.00697539	0.00883396	-0.02137898	-0.02770710	-0.02119248	-0.02340475	-0.03471049	-0.03518638	-0.02701255	-0.01898664
-0.03414456	-0.04100002	-0.04364317	-0.03605457	-0.01198326	0.01339355	0.06424364	0.10951159	0.16805961	0.20117937	0.21602216	0.17501154	0.09317680	0.01392090	-0.03676198	-0.02135325	0.03808867	0.06161978	0.03136182	0.00080804	0.00939989	0.02599835	0.00745129	-0.02051722	-0.03256252	-0.03060106	-0.03676841	-0.03899355	-0.03280047	-0.02388065	-0.01686440
-0.01925674	-0.04056915	-0.04118652	-0.03460116	-0.01739175	0.00830661	0.03842952	0.08347239	0.11225764	0.13767946	0.13811677	0.10172363	0.04924006	-0.01188679	-0.02148187	0.00890470	0.03961926	0.04222382	0.01707853	0.00148330	0.01501417	0.01287907	-0.01204757	-0.03789384	-0.03939227	-0.03981672	-0.04420267	-0.04269138	-0.03639541	-0.02600288	-0.01963617
-0.02577780	-0.04136659	-0.04109006	-0.03977813	-0.02270377	-0.00583520	0.02402403	0.04532357	0.06571634	0.07033381	0.06392208	0.04516280	0.01440965	-0.00257467	-0.00406024	0.00930342	0.02144519	0.00959282	-0.00872273	-0.01063274	-0.00798959	-0.02289027	-0.04152737	-0.04488436	-0.03988103	-0.04334092	-0.04292290	-0.03848549	-0.03196444	-0.02806081	-0.02188703
-0.01684511	-0.04249845	-0.04141161	-0.03955947	-0.02951422	-0.01413122	0.00023568	0.01604313	0.02724597	0.02949683	0.02082138	0.00390780	-0.01161026	-0.02123750	-0.02115389	-0.01565537	-0.01994486	-0.03004156	-0.03501274	-0.03561726	-0.03923792	-0.04617700	-0.04434415	-0.03283263	-0.03107696	-0.03294839	-0.02849169	-0.02107029	-0.02101241	-0.02246582	-0.02221501
-0.02558487	-0.04233768	-0.03833115	-0.04314798	-0.03490985	-0.02910907	-0.01614413	-0.00798959	0.00163765	0.00325183	-0.00306343	-0.01227908	-0.02326970	-0.02790003	-0.02738555	-0.02732124	-0.02773926	-0.03093548	-0.03483267	-0.03949516	-0.04509658	-0.04331519	-0.03267185	-0.02666528	-0.02564275	-0.02563631	-0.02019567	-0.01316656	-0.01638851	-0.02137255	-0.02531476
-0.02085163	-0.04555319	-0.03605457	-0.04433129	-0.03941156	-0.03413169	-0.02914122	-0.02552699	-0.02364913	-0.02062012	-0.02338546	-0.02643376	-0.02933415	-0.02775855	-0.02424078	-0.02275522	-0.02339832	-0.03062679	-0.03628609	-0.04321229	-0.04529595	-0.04298078	-0.03848549	-0.03521854	-0.03481981	-0.03221525	-0.02766209	-0.02523759	-0.02698683	-0.03031810	-0.03211878
-0.03199659	-0.04418981	-0.03912217	-0.04566251	-0.04445348	-0.04375250	-0.03914146	-0.03728289	-0.03338569	-0.03406738	-0.03444681	-0.03606100	-0.03492271	-0.03137279	-0.02728266	-0.02751417	-0.03152070	-0.03743081	-0.04421553	-0.04659501	-0.04806772	-0.04737317	-0.04539884	-0.04456924	-0.04359816	-0.04109006	-0.03746939	-0.03757229	-0.03876203	-0.04015113	-0.04154023
-0.03916075	-0.04635063	-0.03948230	-0.04696158	-0.04633777	-0.04457567	-0.04422840	-0.04398402	-0.04260135	-0.04188750	-0.04217690	-0.04209330	-0.04074921	-0.03791313	-0.03694848	-0.03807391	-0.04218333	-0.04660144	-0.04761754	-0.04722525	-0.04788765	-0.04984911	-0.05023497	-0.04919314	-0.04974621	-0.04971406	-0.04979766	-0.04781691	-0.04730886	-0.04748249	-0.04777832
-0.04083925	-0.04681367	-0.04307081	-0.04840856	-0.04791337	-0.04798411	-0.04732815	-0.04772687	-0.04669791	-0.04710306	-0.04649855	-0.04513517	-0.04251774	-0.04101289	-0.04160454	-0.04353385	-0.04710949	-0.04780404	-0.04669791	-0.04593262	-0.04730886	-0.04882658	-0.04851789	-0.04658215	-0.04791337	-0.04968833	-0.04840856	-0.04569467	-0.04494224	-0.04699374	-0.04870439
-0.04156595	-0.04746320	-0.04303223	-0.04871082	-0.04876870	-0.04898735	-0.04878156	-0.04973335	-0.05040218	-0.04993271	-0.04959830	-0.04750822	-0.04581043	-0.04463355	-0.04580400	-0.04773973	-0.04891661	-0.04845358	-0.04775903	-0.04822206	-0.04896163	-0.04791337	-0.04633134	-0.04620915	-0.04760468	-0.04805485	-0.04529595	-0.04249202	-0.04379109	-0.04733458	-0.04949540
-0.04399045	-0.04907096	-0.04752751	-0.04921244	-0.04974621	-0.04981052	-0.05004847	-0.05003561	-0.05037002	-0.05016423	-0.05003561	-0.04917385	-0.04863365	-0.04870439	-0.04973978	-0.05052437	-0.04995200	-0.04934749	-0.04975907	-0.05035716	-0.05060154	-0.05042790	-0.04900021	-0.04912883	-0.04945682	-0.04818991	-0.04541814	-0.04403547	-0.04553389	-0.04750179	-0.04926389
-0.04525736	-0.04921887	-0.04660144	-0.05026712	-0.05081376	-0.05074302	-0.05100669	-0.05058224	-0.05013850	-0.04958544	-0.04876227	-0.04859506	-0.04901951	-0.04999702	-0.05085878	-0.05048578	-0.04945682	-0.04799697	-0.04851789	-0.05063369	-0.05163693	-0.05105171	-0.05060154	-0.05094881	-0.05110316	-0.05065942	-0.04970763	-0.04880085	-0.04956614	-0.05028642	-0.05003561
-0.04833782	-0.05044719	-0.04961759	-0.05079447	-0.05123178	-0.05131538	-0.05118676	-0.05058224	-0.05001632	-0.04955971	-0.04918671	-0.04880085	-0.04991342	-0.05079447	-0.05073016	-0.04927675	-0.04729599	-0.04636993	-0.04747606	-0.04959830	-0.05125750	-0.05079447	-0.05009992	-0.05121892	-0.05159835	-0.05140542	-0.05079447	-0.05083949	-0.05110316	-0.05105171	-0.05149545
-0.04820920	-0.05047935	-0.04968833	-0.05152761	-0.05125750	-0.05105814	-0.05099383	-0.05087164	-0.05044719	-0.04975264	-0.04995200	-0.05029928	-0.05076231	-0.05181057	-0.05109030	-0.04900664	-0.04732172	-0.04690370	-0.04840213	-0.05084592	-0.05157905	-0.05102599	-0.05080733	-0.05130252	-0.05139255	-0.05107743	-0.05074302	-0.05101955	-0.05138612	-0.05164979	-0.05181057
-0.05056295	-0.05088450	-0.05085878	-0.05140542	-0.05177198	-0.05154690	-0.05109030	-0.05109673	-0.05081376	-0.05042790	-0.05087164	-0.05106457	-0.05195848	-0.05139898	-0.04991985	-0.04896163	-0.04838284	-0.04890375	-0.04997130	-0.05113531	-0.05214498	-0.05217071	-0.05159192	-0.05164979	-0.05156619	-0.05087164	-0.05065299	-0.05071730	-0.05140542	-0.05121892	-0.05125107
-0.04979123	-0.05105171	-0.05087164	-0.05139898	-0.05124464	-0.05119962	-0.05089736	-0.05094238	-0.05114817	-0.05098740	-0.05119962	-0.05154690	-0.05180414	-0.05147616	-0.05009992	-0.04867866	-0.04880085	-0.04976551	-0.05038931	-0.05132181	-0.05181700	-0.05188774	-0.05208710	-0.05190704	-0.05134754	-0.05128966	-0.05108386	-0.05143114	-0.05152761	-0.05210640	-0.05203566
-0.05157905	-0.05181057	-0.05150831	-0.05125750	-0.05093595	-0.05074945	-0.05119319	-0.05123821	-0.05155333	-0.05164979	-0.05200993	-0.05208710	-0.05173340	-0.05136683	-0.05029928	-0.04996487	-0.05009992	-0.05047292	-0.05138612	-0.05187488	-0.05246653	-0.05282667	-0.05266590	-0.05231862	-0.05175912	-0.05154047	-0.05119319	-0.05157262	-0.05194562	-0.05231862	-0.05191990
-0.05074302	-0.05146329	-0.05142471	-0.05138612	-0.05160478	-0.05145043	-0.05149545	-0.05170124	-0.05184916	-0.05235721	-0.05265946	-0.05221572	-0.05148259	-0.05112888	-0.05067228	-0.05028642	-0.05085235	-0.05145043	-0.05176555	-0.05174626	-0.05163693	-0.05165623	-0.05159835	-0.05164336	-0.05154047	-0.05118676	-0.05103242	-0.05109030	-0.05132181	-0.05178485	-0.05195205
-0.05137326	-0.05151474	-0.05154047	-0.05160478	-0.05101955	-0.05095524	-0.05123821	-0.05139898	-0.05136040	-0.05121249	-0.05179771	-0.05109030	-0.05091666	-0.05051793	-0.04998416	-0.05015137	-0.05116747	-0.05180414	-0.05220929	-0.05190704	-0.05167552	-0.05189417	-0.05234434	-0.05258872	-0.05200993	-0.05163693	-0.05150831	-0.05210640	-0.05221572	-0.05188774	-0.05157262
-0.05144400	-0.05180414	-0.05155976	-0.05145686	-0.05134111	-0.05141828	-0.05175269	-0.05185559	-0.05195848	-0.05228003	-0.05227360	-0.05193276	-0.05104528	-0.05042790	-0.04999702	-0.05035716	-0.05063369	-0.05172697	-0.05202279	-0.05184273	-0.05182986	-0.05189417	-0.05191347	-0.05196491	-0.05207424	-0.05171410	-0.05179771	-0.05194562	-0.05218357	-0.05184273	-0.05208710
-0.05162407	-0.05172054	-0.05155333	-0.05148259	-0.05141185	-0.05145043	-0.05140542	-0.05145043	-0.05155976	-0.05163693	-0.05150831	-0.05116747	-0.05069800	-0.05055652	-0.05060154	-0.05103242	-0.05139898	-0.05148902	-0.05178485	-0.05156619	-0.05172054	-0.05202922	-0.05222859	-0.05186845	-0.05137326	-0.05151474	-0.05180414	-0.05184916	-0.05210640	-0.05226717	-0.05194562
-0.05157905	-0.05152117	-0.05181700	-0.05130895	-0.05111602	-0.05206781	-0.05158548	-0.05179771	-0.05190704	-0.05147616	-0.05115461	-0.05105814	-0.05089093	-0.05113531	-0.05127036	-0.05206138	-0.05197135	-0.05193919	-0.05168838	-0.05185559	-0.05165623	-0.05182986	-0.05209353	-0.05185559	-0.05211926	-0.05229290	-0.05182986	-0.05192633	-0.05175269	-0.05179771	-0.05183629
-0.05161764	-0.05162407	-0.05172697	-0.05167552	-0.05170124	-0.05187488	-0.05183629	-0.05202922	-0.05179771	-0.05139255	-0.05078804	-0.05057581	-0.05094238	-0.05101955	-0.05132181	-0.05179128	-0.05164979	-0.05161764	-0.05174626	-0.05179771	-0.05208710	-0.05199707	-0.05179771	-0.05205495	-0.05208067	-0.05195848	-0.05187488	-0.05206781	-0.05173983	-0.05181700	-0.05177841
-0.05169481	-0.05185559	-0.05155333	-0.05141828	-0.05149545	-0.05193919	-0.05181057	-0.05130895	-0.05132181	-0.05136683	-0.05078161	-0.05085235	-0.05118033	-0.05142471	-0.05174626	-0.05165623	-0.05200350	-0.05190060	-0.05145043	-0.05169481	-0.05193919	-0.05198421	-0.05193919	-0.05197135	-0.05214498	-0.05195205	-0.05224788	-0.05226717	-0.05227360	-0.05174626	-0.05179771
