-0.04980409	-0.04959187	-0.04982982	-0.04961116	-0.04925745	-0.04963688	-0.04860792	-0.04737960	-0.04577184	-0.04271068	-0.03642757	-0.02120534	0.03328470	0.12479170	0.24593927	0.29475072	0.27745771	0.24310319	0.21815726	0.20577755	0.16175721	0.10484267	0.04356147	0.01507848	-0.00288979	-0.01256848	-0.02375846	-0.03121201	-0.03919291	-0.04337307	-0.04615770
-0.04896163	-0.04934106	-0.04914170	-0.04875583	-0.04847287	-0.04817061	-0.04800341	-0.04809344	-0.04691656	-0.04272997	-0.03561726	-0.00943014	0.05967118	0.21232433	0.33813439	0.42644517	0.39453444	0.31873200	0.28934866	0.25212591	0.20134014	0.11977550	0.07059105	0.02919457	0.01354790	-0.00483196	-0.01633063	-0.02907691	-0.03752084	-0.04426055	-0.04658215
-0.04896163	-0.04904523	-0.04935392	-0.04840856	-0.04844715	-0.04824135	-0.04867866	-0.04977837	-0.04889732	-0.04396472	-0.03259468	-0.00545577	0.08571038	0.22776521	0.39574991	0.44861290	0.39226429	0.32557461	0.26453135	0.23920599	0.17713378	0.11437344	0.05683510	0.03505966	0.01629394	-0.00006014	-0.01848502	-0.02883896	-0.04078137	-0.04519948	-0.04671720
-0.04903237	-0.05000345	-0.04976551	-0.04843428	-0.04820277	-0.04794553	-0.04805485	-0.04986840	-0.04925102	-0.04145663	-0.03061392	0.00053794	0.06246867	0.19378369	0.29047409	0.32917598	0.27647376	0.20518589	0.18161620	0.16350001	0.12794290	0.07135634	0.04354861	0.02578613	0.01264112	-0.01011826	-0.02623440	-0.03943729	-0.04485221	-0.04595191	-0.04409978
-0.04887159	-0.04959830	-0.04923816	-0.04805485	-0.04720596	-0.04774616	-0.04820920	-0.04842785	-0.04718023	-0.03977170	-0.02378418	-0.00332067	0.04864841	0.11344095	0.18963568	0.20310224	0.16659977	0.13132562	0.11833495	0.11140231	0.08086782	0.04837188	0.02723311	0.02057057	0.00345119	-0.01640780	-0.03432462	-0.04131514	-0.04444705	-0.04366247	-0.04015113
-0.04764970	-0.04916742	-0.04901951	-0.04788122	-0.04803556	-0.04757896	-0.04749535	-0.04858220	-0.04769472	-0.03966880	-0.02744986	-0.00895425	0.00834520	0.03458377	0.04506633	0.03830733	0.02153522	0.01819752	0.02913669	0.04034596	0.03077017	0.01833258	0.01480838	0.00801079	-0.00637541	-0.02683892	-0.03703851	-0.04162383	-0.04191323	-0.03868486	-0.03504490
-0.04787479	-0.04932820	-0.04884587	-0.04757253	-0.04774616	-0.04787479	-0.04802913	-0.04819634	-0.04756610	-0.04394543	-0.03350788	-0.02460735	-0.01683868	-0.01712164	-0.01732100	-0.02660097	-0.02853670	-0.01870367	-0.00171935	0.00543195	0.00574064	0.00447373	0.00366985	-0.00283191	-0.01748178	-0.02843381	-0.03449183	-0.03663336	-0.03706424	-0.03551436	-0.03194515
-0.03417671	-0.04900021	-0.04905166	-0.04847287	-0.04807415	-0.04802913	-0.04826708	-0.04759182	-0.04788122	-0.04638279	-0.04283286	-0.03615746	-0.03412526	-0.03577160	-0.04040194	-0.04310297	-0.03995820	-0.03116056	-0.02357839	-0.01680009	-0.01476789	-0.01264565	-0.01350741	-0.01892876	-0.02498678	-0.02825374	-0.02961712	-0.03375226	-0.03683915	-0.03736650	-0.03554009
-0.04658215	-0.04934106	-0.04901308	-0.04813203	-0.04779761	-0.04757896	-0.04811916	-0.04835711	-0.04891661	-0.04842785	-0.04697444	-0.04447277	-0.04335378	-0.04363031	-0.04595834	-0.04552746	-0.04420267	-0.04163026	-0.03776522	-0.03386159	-0.02811226	-0.02574564	-0.02675531	-0.02778428	-0.02701898	-0.02647235	-0.02915408	-0.03428604	-0.03948230	-0.04065918	-0.04014470
-0.04108363	-0.04943752	-0.04950183	-0.04898735	-0.04894877	-0.04881371	-0.04872368	-0.04952756	-0.04973978	-0.04966904	-0.04966904	-0.04880085	-0.04898735	-0.04988769	-0.05035716	-0.04977194	-0.04939251	-0.04815132	-0.04613198	-0.04211259	-0.03927651	-0.03625393	-0.03490342	-0.03087760	-0.02751417	-0.02668457	-0.03061392	-0.03645972	-0.03933439	-0.04119295	-0.04254990
-0.04800341	-0.04919314	-0.04955971	-0.04983625	-0.04926389	-0.04929604	-0.04934106	-0.04966904	-0.05012564	-0.05027999	-0.05017709	-0.04991985	-0.04979766	-0.04977194	-0.04993914	-0.05009992	-0.04912883	-0.04896163	-0.04793910	-0.04660787	-0.04430557	-0.04148235	-0.03732791	-0.03377799	-0.03090975	-0.03158501	-0.03462688	-0.03691633	-0.03760444	-0.03872987	-0.04127013
-0.04638922	-0.04955328	-0.04932820	-0.04935392	-0.04934106	-0.04943752	-0.04930247	-0.04919314	-0.04935392	-0.04997773	-0.05031214	-0.05022211	-0.04982338	-0.04902594	-0.04876227	-0.04901308	-0.04860792	-0.04813846	-0.04818991	-0.04737960	-0.04611269	-0.04314155	-0.04054985	-0.03788741	-0.03728932	-0.03692276	-0.03701922	-0.03667838	-0.03670410	-0.03963665	-0.04141161
-0.04865937	-0.04923173	-0.04950826	-0.05010635	-0.04956614	-0.04992628	-0.04954685	-0.04954685	-0.04935392	-0.04938608	-0.04937321	-0.04943752	-0.04966261	-0.04923173	-0.04877513	-0.04869796	-0.04851146	-0.04912883	-0.04893590	-0.04827994	-0.04683296	-0.04520591	-0.04408048	-0.04407405	-0.04269781	-0.04230552	-0.04068490	-0.04022830	-0.04029904	-0.04139875	-0.04351455
-0.04775903	-0.05006776	-0.04993271	-0.05029285	-0.05061440	-0.05020281	-0.05003561	-0.04929604	-0.04943752	-0.04959830	-0.04973978	-0.04988769	-0.04968190	-0.04895520	-0.04894877	-0.04892947	-0.04867866	-0.04825422	-0.04835068	-0.04752751	-0.04727670	-0.04732172	-0.04773973	-0.04810630	-0.04768829	-0.04635706	-0.04579113	-0.04539241	-0.04544386	-0.04547601	-0.04519948
-0.04945039	-0.04968190	-0.04945682	-0.04992628	-0.05053723	-0.05033787	-0.05015137	-0.05029928	-0.05009992	-0.05004847	-0.04970763	-0.04932176	-0.04941180	-0.04942466	-0.04925745	-0.04903237	-0.04896806	-0.04862078	-0.04779761	-0.04804842	-0.04817704	-0.04871725	-0.04861435	-0.04863365	-0.04755967	-0.04746320	-0.04773973	-0.04769472	-0.04721882	-0.04704518	-0.04667218
-0.04928961	-0.05008063	-0.04997130	-0.05025426	-0.05046649	-0.05082662	-0.05076874	-0.05029285	-0.05004847	-0.05027999	-0.05039575	-0.05026712	-0.04985554	-0.04995844	-0.04990056	-0.04966904	-0.04927675	-0.04922530	-0.04896163	-0.04873654	-0.04890375	-0.04921887	-0.04889089	-0.04806128	-0.04778475	-0.04782977	-0.04791980	-0.04816418	-0.04739889	-0.04739889	-0.04783620
-0.05022854	-0.05026712	-0.04977837	-0.04981695	-0.05003561	-0.05046006	-0.05051150	-0.05051150	-0.05038288	-0.05025426	-0.05033787	-0.05035716	-0.05043433	-0.05048578	-0.05046649	-0.05056938	-0.05035716	-0.05086521	-0.04986197	-0.04989413	-0.05022854	-0.04974621	-0.04910954	-0.04885873	-0.04904523	-0.04857577	-0.04759825	-0.04700017	-0.04699374	-0.04764970	-0.04858863
-0.05004847	-0.05055009	-0.05008706	-0.05018995	-0.05053080	-0.05084592	-0.05072373	-0.05051150	-0.05048578	-0.05002275	-0.05037645	-0.05028642	-0.05028642	-0.05059511	-0.05040861	-0.05060797	-0.05011278	-0.04981695	-0.04986197	-0.05036359	-0.05023497	-0.05021568	-0.05003561	-0.04960473	-0.04917385	-0.04875583	-0.04808058	-0.04818991	-0.04858863	-0.04890375	-0.04900021
-0.05031857	-0.05038288	-0.04979766	-0.05020925	-0.05058224	-0.05034430	-0.05007419	-0.05047935	-0.05046006	-0.05031214	-0.05020281	-0.05010635	-0.05041504	-0.05081376	-0.05015137	-0.05021568	-0.05001632	-0.04985554	-0.05040861	-0.05073659	-0.05061440	-0.05011921	-0.04996487	-0.05009349	-0.04982338	-0.04960473	-0.04944395	-0.04945039	-0.04947611	-0.04889732	-0.04831209
-0.04976551	-0.05009992	-0.05040861	-0.05072373	-0.05058868	-0.05027356	-0.05042147	-0.05002275	-0.04997773	-0.04997773	-0.05017709	-0.05073016	-0.05073016	-0.05058224	-0.05030571	-0.04977194	-0.05005490	-0.04949540	-0.04951470	-0.04972692	-0.04979123	-0.04973978	-0.04998416	-0.04981052	-0.04984911	-0.04984268	-0.04973978	-0.04977837	-0.04970120	-0.04914813	-0.04867223
-0.05028642	-0.05017709	-0.05047292	-0.05037645	-0.05049221	-0.05017066	-0.05066585	-0.05102599	-0.05087807	-0.05103885	-0.05101955	-0.05033144	-0.05026712	-0.05064656	-0.04985554	-0.04942466	-0.04936678	-0.04969476	-0.05053723	-0.05051150	-0.04990056	-0.04962402	-0.04961759	-0.04961759	-0.05007419	-0.05045362	-0.05016423	-0.04993914	-0.04990056	-0.04977837	-0.04975264
-0.05009992	-0.05046006	-0.05044719	-0.05064012	-0.05060154	-0.05052437	-0.04998416	-0.05057581	-0.05040218	-0.05061440	-0.05049221	-0.05008063	-0.04964975	-0.04945682	-0.04956614	-0.04976551	-0.04937321	-0.04968190	-0.04988126	-0.05011278	-0.05029285	-0.05019638	-0.05027999	-0.05022854	-0.05037002	-0.05089093	-0.05071087	-0.05074945	-0.05071730	-0.05013207	-0.04966261
-0.05026712	-0.05067871	-0.05023497	-0.05020925	-0.05046649	-0.05054366	-0.05055009	-0.05060154	-0.05022211	-0.05056938	-0.05070443	-0.05061440	-0.05019638	-0.04985554	-0.05018352	-0.05024140	-0.05006133	-0.05002275	-0.05042147	-0.05092309	-0.05070443	-0.05039575	-0.05046006	-0.05053723	-0.05037002	-0.05013850	-0.05004847	-0.05034430	-0.04983625	-0.04982982	-0.04981052
-0.05047292	-0.05048578	-0.05038288	-0.05074302	-0.05056295	-0.05047935	-0.05074945	-0.05042790	-0.05070443	-0.05020925	-0.05060154	-0.05059511	-0.05028642	-0.04957901	-0.04941180	-0.04988126	-0.05044719	-0.05121892	-0.05103242	-0.05092952	-0.05082662	-0.05105814	-0.05092309	-0.05055009	-0.05057581	-0.05064656	-0.05082662	-0.05056938	-0.05012564	-0.05027356	-0.05040218
-0.05065299	-0.05077518	-0.05028642	-0.05064012	-0.05089093	-0.05105171	-0.05074302	-0.05042790	-0.05064656	-0.05059511	-0.05049864	-0.05064656	-0.05022211	-0.05014494	-0.05063369	-0.05076874	-0.05118676	-0.05106457	-0.05132181	-0.05094881	-0.05060154	-0.05039575	-0.05038931	-0.05027999	-0.05020281	-0.05034430	-0.05045362	-0.05070443	-0.05051150	-0.05021568	-0.05083949
-0.05073659	-0.05046006	-0.05046006	-0.05085878	-0.05067228	-0.05093595	-0.05092952	-0.05086521	-0.05069157	-0.05058868	-0.05082019	-0.05042790	-0.05020925	-0.05023497	-0.05003561	-0.05014494	-0.05037645	-0.05056938	-0.05099383	-0.05101312	-0.05081376	-0.05057581	-0.05047935	-0.05080090	-0.05060797	-0.05037645	-0.05073016	-0.05125750	-0.05127680	-0.05084592	-0.05076874
-0.05053723	-0.05044076	-0.05040218	-0.05022211	-0.05076231	-0.05055009	-0.05074945	-0.05074945	-0.05077518	-0.05085878	-0.05049864	-0.05038288	-0.05052437	-0.05067871	-0.05033144	-0.05034430	-0.05087807	-0.05067871	-0.05082662	-0.05056938	-0.05043433	-0.05066585	-0.05069800	-0.05072373	-0.05073016	-0.05064656	-0.05080090	-0.05037002	-0.05060154	-0.05062726	-0.05012564
-0.05047935	-0.05033144	-0.05044076	-0.05098740	-0.05118033	-0.05123178	-0.05130895	-0.05092309	-0.05056295	-0.05025426	-0.05050507	-0.05121892	-0.05112245	-0.05063369	-0.05049221	-0.05037002	-0.05020925	-0.05050507	-0.05058868	-0.05044719	-0.05060797	-0.05100669	-0.05141828	-0.05081376	-0.05109030	-0.05066585	-0.05047935	-0.05066585	-0.05071730	-0.05103885	-0.05130895
-0.05092309	-0.05103242	-0.05057581	-0.05039575	-0.05083949	-0.05091023	-0.05086521	-0.05105171	-0.05115461	-0.05095524	-0.05089736	-0.05071730	-0.05086521	-0.05089093	-0.05087807	-0.05051793	-0.05071087	-0.05051793	-0.05089093	-0.05061440	-0.05152117	-0.05134754	-0.05128323	-0.05124464	-0.05136040	-0.05137969	-0.05109673	-0.05082019	-0.05093595	-0.05089736	-0.05077518
-0.05084592	-0.05047935	-0.05022211	-0.05074302	-0.05090380	-0.05081376	-0.05094238	-0.05064012	-0.05064656	-0.05064012	-0.05076231	-0.05070443	-0.05065299	-0.05078161	-0.05092309	-0.05096811	-0.05092952	-0.05089093	-0.05126393	-0.05094238	-0.05083949	-0.05084592	-0.05074302	-0.05078804	-0.05089736	-0.05096168	-0.05098740	-0.05105814	-0.05094238	-0.05119962	-0.05091023
-0.05091666	-0.05094881	-0.05103885	-0.05129609	-0.05118676	-0.05092952	-0.05082662	-0.05040861	-0.05076231	-0.05074945	-0.05073016	-0.05073016	-0.05048578	-0.05085878	-0.05131538	-0.05122535	-0.05057581	-0.05092309	-0.05106457	-0.05152761	-0.05145686	-0.05110316	-0.05131538	-0.05090380	-0.05084592	-0.05103885	-0.05095524	-0.05076231	-0.05069800	-0.05074302	-0.05067871
