-0.04981052	-0.05007419	-0.05023497	-0.05039575	-0.04981695	-0.04942466	-0.04867866	-0.04660144	-0.03712855	-0.02096096	0.01246749	0.05851360	0.13808462	0.24525115	0.33073228	0.33325968	0.27676959	0.24434438	0.23421552	0.21530832	0.14254775	0.06743342	0.00740627	-0.00538503	-0.01325660	-0.02214427	-0.03499988	-0.04017685	-0.04435059	-0.04548245	-0.04680724
-0.04945039	-0.04923816	-0.04965618	-0.04959187	-0.04962402	-0.04944395	-0.04912240	-0.04568181	-0.03611245	-0.01279357	0.02149664	0.09372987	0.19539788	0.34803816	0.44094069	0.44008537	0.37240530	0.29182461	0.27496890	0.22970094	0.16120414	0.05944609	0.01765732	0.00023568	-0.00760373	-0.02135325	-0.03201589	-0.03989389	-0.04323159	-0.04540527	-0.04633777
-0.04954042	-0.04939894	-0.04932176	-0.04912883	-0.04981695	-0.04981695	-0.04817061	-0.04300650	-0.02636945	0.00190775	0.05343309	0.11784620	0.23878798	0.35842426	0.44006607	0.42171194	0.31923362	0.25499415	0.21735982	0.18658738	0.10964664	0.05001179	0.00666027	-0.00189298	-0.01263922	-0.02565561	-0.03801603	-0.04140518	-0.04389398	-0.04426698	-0.04254347
-0.04851146	-0.04894877	-0.04961759	-0.04901308	-0.04961116	-0.04922530	-0.04719310	-0.03952089	-0.02561702	0.00678246	0.04534286	0.10639255	0.17631061	0.26522590	0.30042931	0.26087210	0.18634943	0.12587211	0.11619342	0.10219952	0.06328541	0.01126488	-0.00604099	-0.01375822	-0.02481957	-0.03971382	-0.04427984	-0.04391971	-0.04319943	-0.04039551	-0.03627322
-0.04772687	-0.04891018	-0.04900021	-0.04853075	-0.04900664	-0.04819634	-0.04532810	-0.03898068	-0.02247225	0.00051865	0.04119486	0.07703494	0.12565346	0.15988578	0.16917217	0.13003298	0.06757490	0.04622391	0.04754227	0.04145210	0.01265398	-0.00861340	-0.01786121	-0.02339832	-0.03662693	-0.04439560	-0.04471072	-0.04259492	-0.04029904	-0.03586807	-0.02929557
-0.04290361	-0.04896806	-0.04907739	-0.04856290	-0.04831209	-0.04690370	-0.04460783	-0.03839546	-0.03011231	-0.01168100	0.00743200	0.02772187	0.03035215	0.02071849	0.01046744	-0.01308939	-0.02376489	-0.01301222	-0.00166147	-0.00140423	-0.01153952	-0.01947540	-0.02133396	-0.02829876	-0.03698064	-0.04090999	-0.03879418	-0.03754657	-0.03646615	-0.03176508	-0.02731481
-0.04352741	-0.04885873	-0.04873011	-0.04791337	-0.04731529	-0.04742461	-0.04539241	-0.04227980	-0.03489055	-0.02652380	-0.01319229	-0.00580305	-0.00624035	-0.01471001	-0.02842738	-0.03640827	-0.03330852	-0.02475526	-0.01777761	-0.01899307	-0.02289027	-0.02294172	-0.02460092	-0.02977789	-0.03610602	-0.03571372	-0.03461402	-0.03533429	-0.03664622	-0.03426674	-0.03055605
-0.03944372	-0.04858863	-0.04894233	-0.04817061	-0.04769472	-0.04739889	-0.04582972	-0.04349526	-0.04056271	-0.03393876	-0.02984220	-0.02464594	-0.02722478	-0.03290980	-0.03818967	-0.03984887	-0.03633753	-0.03112841	-0.02966213	-0.02988722	-0.02869748	-0.02774569	-0.02970072	-0.03310916	-0.03328923	-0.03190013	-0.03307057	-0.03808677	-0.04097430	-0.03995177	-0.03894210
-0.04314798	-0.04926389	-0.04921244	-0.04853075	-0.04835711	-0.04876870	-0.04740532	-0.04638279	-0.04350812	-0.04135373	-0.03853051	-0.03832472	-0.03877489	-0.04141161	-0.04396472	-0.04398402	-0.04314155	-0.04283930	-0.04084568	-0.03923149	-0.03620248	-0.03600955	-0.03653690	-0.03554652	-0.03323778	-0.03325707	-0.03864627	-0.04300650	-0.04507086	-0.04439560	-0.04464641
-0.03755943	-0.04878799	-0.04903237	-0.04811273	-0.04841499	-0.04864008	-0.04880728	-0.04871725	-0.04818347	-0.04709020	-0.04662717	-0.04627989	-0.04671077	-0.04835068	-0.04854361	-0.04800341	-0.04833782	-0.04721882	-0.04575898	-0.04316085	-0.04218333	-0.04078780	-0.03950803	-0.03676841	-0.03582948	-0.03756586	-0.04139232	-0.04463355	-0.04483291	-0.04451136	-0.04615770
-0.04405476	-0.04923173	-0.04962402	-0.04896806	-0.04932820	-0.04947611	-0.04943752	-0.04972692	-0.04961116	-0.04941180	-0.04854361	-0.04858863	-0.04874297	-0.04889732	-0.04901951	-0.04885873	-0.04876227	-0.04822849	-0.04754680	-0.04683296	-0.04592619	-0.04515446	-0.04263350	-0.04043409	-0.03981672	-0.04132801	-0.04281357	-0.04193252	-0.04198397	-0.04310297	-0.04553389
-0.04391971	-0.04954685	-0.04943109	-0.04940537	-0.04936035	-0.04937964	-0.04943109	-0.04982338	-0.04991342	-0.05064656	-0.05037002	-0.04947611	-0.04932176	-0.04908382	-0.04874940	-0.04848573	-0.04859506	-0.04926389	-0.04925102	-0.04916099	-0.04860149	-0.04718023	-0.04622844	-0.04526379	-0.04486507	-0.04424769	-0.04345024	-0.04271711	-0.04285216	-0.04406119	-0.04538598
-0.04790051	-0.04941180	-0.04981695	-0.04993914	-0.04984911	-0.04982338	-0.05035073	-0.05045362	-0.05028642	-0.05010635	-0.05055009	-0.05035073	-0.04935392	-0.04965618	-0.04896806	-0.04936035	-0.05000988	-0.05056295	-0.04976551	-0.04977837	-0.04932820	-0.04913527	-0.04902594	-0.04873011	-0.04782977	-0.04612555	-0.04443419	-0.04487793	-0.04582329	-0.04618986	-0.04664646
-0.04731529	-0.04963688	-0.04984911	-0.05009349	-0.05008063	-0.04999702	-0.04974621	-0.04981695	-0.04993914	-0.04989413	-0.04991985	-0.05046649	-0.05063369	-0.05098097	-0.05066585	-0.04984911	-0.04941823	-0.04907096	-0.04865937	-0.04840213	-0.04939894	-0.04962402	-0.05040861	-0.04937321	-0.04849216	-0.04766899	-0.04802913	-0.04837640	-0.04862721	-0.04817061	-0.04812559
-0.05011278	-0.05060154	-0.05043433	-0.05065299	-0.05093595	-0.05026069	-0.05040861	-0.05017066	-0.05035716	-0.05030571	-0.05004204	-0.04969476	-0.04972049	-0.04982338	-0.04995200	-0.04937964	-0.04939894	-0.04902594	-0.04827994	-0.04831209	-0.04923816	-0.04955328	-0.04908382	-0.04872368	-0.04821563	-0.04822206	-0.04896806	-0.04932176	-0.04923173	-0.04889089	-0.04923816
-0.04966261	-0.04981052	-0.04937964	-0.05026069	-0.05010635	-0.05061440	-0.05022211	-0.04964975	-0.04997773	-0.05031214	-0.04947611	-0.04927032	-0.04984268	-0.04996487	-0.05045362	-0.05005490	-0.04990699	-0.04930247	-0.04876227	-0.04847287	-0.04870439	-0.04854361	-0.04811273	-0.04764327	-0.04785549	-0.04854361	-0.04849216	-0.04855647	-0.04823492	-0.04879442	-0.04938608
-0.04947611	-0.04996487	-0.05007419	-0.05045362	-0.05066585	-0.05046649	-0.05041504	-0.05051150	-0.05019638	-0.05004204	-0.05035716	-0.04998416	-0.04990699	-0.04968833	-0.05036359	-0.05039575	-0.04958544	-0.04960473	-0.04914170	-0.04917385	-0.04941180	-0.05000988	-0.04978480	-0.04965618	-0.04930890	-0.04930247	-0.04914170	-0.04905166	-0.04954042	-0.04982338	-0.04956614
-0.04978480	-0.05010635	-0.04991342	-0.05009349	-0.05005490	-0.05009349	-0.05027356	-0.05037002	-0.05025426	-0.05015137	-0.05076874	-0.05020925	-0.04984268	-0.05018352	-0.05042147	-0.04968190	-0.05011921	-0.04995844	-0.05017066	-0.04991985	-0.05004204	-0.05007419	-0.05033787	-0.05014494	-0.04981052	-0.04897449	-0.04916099	-0.04916099	-0.04894233	-0.04906452	-0.04882658
-0.05018995	-0.05025426	-0.04983625	-0.04984268	-0.04984911	-0.04998416	-0.05037645	-0.05085235	-0.05041504	-0.05037645	-0.05064656	-0.05041504	-0.05026712	-0.05052437	-0.05011278	-0.04955328	-0.04927032	-0.04930247	-0.04946968	-0.05001632	-0.05058224	-0.05064012	-0.05000988	-0.05020925	-0.05009992	-0.05006776	-0.05033144	-0.05042147	-0.04997773	-0.04979766	-0.04940537
-0.04975264	-0.05020925	-0.05022854	-0.05034430	-0.05051793	-0.05091023	-0.05102599	-0.05096168	-0.05080090	-0.05024783	-0.05005490	-0.05049221	-0.05043433	-0.04997130	-0.04979123	-0.04941823	-0.04942466	-0.04972692	-0.05021568	-0.05038288	-0.05046006	-0.05016423	-0.05000345	-0.05004204	-0.05042147	-0.05080090	-0.05072373	-0.05042790	-0.05021568	-0.04987483	-0.04977837
-0.04979766	-0.04994557	-0.05020925	-0.05052437	-0.05044719	-0.05062726	-0.05101312	-0.05086521	-0.05060154	-0.05069800	-0.05080733	-0.05092952	-0.05080090	-0.05074945	-0.05055652	-0.05057581	-0.05008706	-0.05075588	-0.05098097	-0.05096811	-0.05035073	-0.05002918	-0.05013207	-0.05062726	-0.05065942	-0.05068514	-0.05062083	-0.05033787	-0.05065299	-0.05084592	-0.05046649
-0.05048578	-0.05109673	-0.05053080	-0.05051793	-0.05075588	-0.05056938	-0.05055009	-0.05055009	-0.05064656	-0.05067871	-0.05085235	-0.05034430	-0.04970763	-0.04975264	-0.04970120	-0.04974621	-0.04981695	-0.05008706	-0.05056938	-0.05009349	-0.04988126	-0.05013207	-0.05037645	-0.05066585	-0.05059511	-0.05053723	-0.05025426	-0.05035073	-0.05067871	-0.05061440	-0.05013850
-0.04973978	-0.05010635	-0.05047292	-0.05040861	-0.05005490	-0.05008706	-0.05031214	-0.05035073	-0.05100669	-0.05084592	-0.05072373	-0.05093595	-0.05058868	-0.05013850	-0.05006133	-0.05018352	-0.05055009	-0.05064656	-0.05077518	-0.05038931	-0.05036359	-0.05078804	-0.05051150	-0.05052437	-0.05037002	-0.05047935	-0.05095524	-0.05064012	-0.05052437	-0.05038288	-0.05067871
-0.05068514	-0.05092952	-0.05082662	-0.05059511	-0.05037002	-0.05076874	-0.05097454	-0.05101955	-0.05105171	-0.05081376	-0.05092309	-0.05094881	-0.05085878	-0.05092309	-0.05075588	-0.05065942	-0.05044076	-0.05020281	-0.05020925	-0.05075588	-0.05085235	-0.05085878	-0.05131538	-0.05076231	-0.05067871	-0.05028642	-0.05041504	-0.05039575	-0.05107100	-0.05089736	-0.05094881
-0.05087807	-0.05062083	-0.05110316	-0.05085235	-0.05070443	-0.05047935	-0.05045362	-0.05037645	-0.05094238	-0.05063369	-0.05075588	-0.05074302	-0.05035073	-0.05082019	-0.05085878	-0.05093595	-0.05062083	-0.05066585	-0.05061440	-0.05102599	-0.05071087	-0.05081376	-0.05059511	-0.05062726	-0.05026069	-0.05036359	-0.05036359	-0.05035716	-0.05042790	-0.05053723	-0.05082019
-0.05090380	-0.05080090	-0.05078161	-0.05065299	-0.05074945	-0.05078804	-0.05094238	-0.05058224	-0.05051793	-0.05017066	-0.05020925	-0.05022854	-0.05031214	-0.05074945	-0.05080733	-0.05072373	-0.05073016	-0.05018995	-0.05027999	-0.05045362	-0.05021568	-0.05051793	-0.05035073	-0.05071730	-0.05071730	-0.05063369	-0.05073659	-0.05087164	-0.05096168	-0.05086521	-0.05026069
-0.05013207	-0.05002275	-0.04996487	-0.05006133	-0.05051793	-0.05019638	-0.05038931	-0.05027356	-0.05045362	-0.05030571	-0.05015137	-0.05031857	-0.05080090	-0.05037002	-0.05027999	-0.05061440	-0.05044076	-0.05050507	-0.05091666	-0.05065942	-0.05026712	-0.05027999	-0.05018995	-0.05031857	-0.05062083	-0.05109030	-0.05082662	-0.05083305	-0.05047935	-0.05074945	-0.05075588
-0.05062726	-0.05039575	-0.05090380	-0.05110316	-0.05082662	-0.05113531	-0.05122535	-0.05054366	-0.05044719	-0.05039575	-0.05021568	-0.05035716	-0.05064656	-0.05078804	-0.05062726	-0.05074302	-0.05074302	-0.05069157	-0.05044719	-0.05056295	-0.05020925	-0.05002918	-0.04995200	-0.04998416	-0.05028642	-0.05041504	-0.05051150	-0.05020281	-0.05017709	-0.05028642	-0.05057581
-0.05062726	-0.05055652	-0.05060154	-0.05077518	-0.05066585	-0.05046006	-0.05062083	-0.05049221	-0.05089736	-0.05042147	-0.05057581	-0.05089093	-0.05025426	-0.05022854	-0.05025426	-0.05046006	-0.05042790	-0.05037002	-0.05027356	-0.05051793	-0.05087164	-0.05049221	-0.05024140	-0.05035716	-0.05039575	-0.05071087	-0.05040861	-0.05062726	-0.05100026	-0.05076874	-0.05047935
-0.05047935	-0.05067228	-0.05053080	-0.05093595	-0.05065299	-0.05040861	-0.05084592	-0.05060797	-0.05071087	-0.05056938	-0.05075588	-0.05074302	-0.05081376	-0.05071087	-0.05101312	-0.05080090	-0.05051793	-0.05028642	-0.05017066	-0.05062083	-0.05058868	-0.05091666	-0.05064012	-0.05040861	-0.05043433	-0.05059511	-0.05035716	-0.05069157	-0.05058868	-0.05051150	-0.05004204
-0.05011278	-0.05038931	-0.05068514	-0.05071730	-0.05082019	-0.05075588	-0.05043433	-0.05076231	-0.05084592	-0.05047292	-0.05052437	-0.05007419	-0.05000988	-0.05029928	-0.05046649	-0.05048578	-0.05047292	-0.05046006	-0.05089736	-0.05047935	-0.05027356	-0.05072373	-0.05115461	-0.05095524	-0.05077518	-0.05051793	-0.05077518	-0.05100026	-0.05120605	-0.05111602	-0.05082019
