-0.04974621	-0.04941823	-0.04941823	-0.04997773	-0.05032500	-0.05011921	-0.04990699	-0.05013850	-0.05013850	-0.04955971	-0.04930890	-0.04890375	-0.04867223	-0.04844715	-0.04878799	-0.04926389	-0.04988126	-0.05009349	-0.04974621	-0.04945682	-0.04984268	-0.04995200	-0.05040861	-0.05069800	-0.05043433	-0.05024783	-0.05018995	-0.04986840	-0.04989413	-0.05024783	-0.05006776
-0.04861435	-0.05020925	-0.05047935	-0.05047935	-0.05029928	-0.05002918	-0.04995844	-0.05000988	-0.04968190	-0.04984911	-0.04919958	-0.04887802	-0.04912240	-0.04871725	-0.04832496	-0.04791980	-0.04774616	-0.04716737	-0.04753394	-0.04723168	-0.04769472	-0.04821563	-0.04874297	-0.04894877	-0.04914170	-0.04961759	-0.04931533	-0.04881371	-0.04846001	-0.04925102	-0.04945682
-0.05000988	-0.04982982	-0.04970120	-0.04995200	-0.05018352	-0.05018995	-0.05033144	-0.04986840	-0.04894233	-0.04843428	-0.04762398	-0.04716737	-0.04570753	-0.04442776	-0.04190037	-0.04053699	-0.03876846	-0.03942442	-0.03963665	-0.04192609	-0.04361102	-0.04530881	-0.04748249	-0.04856290	-0.04972049	-0.04962402	-0.04917385	-0.04837640	-0.04790694	-0.04800984	-0.04775903
-0.04787479	-0.04954685	-0.04957257	-0.04992628	-0.05009992	-0.05038288	-0.05062083	-0.04958544	-0.04810630	-0.04644710	-0.04459496	-0.04129585	-0.03971382	-0.03615746	-0.03296125	-0.02860745	-0.02523116	-0.02310249	-0.02599645	-0.03169434	-0.03786812	-0.04422197	-0.04657572	-0.04901951	-0.04993914	-0.05060154	-0.05044719	-0.04836354	-0.04695515	-0.04609982	-0.04513517
-0.05029285	-0.04995844	-0.04979766	-0.05000988	-0.05022854	-0.04980409	-0.04882015	-0.04792623	-0.04496796	-0.04105147	-0.03366866	-0.02824731	-0.02128251	-0.01907667	-0.01801555	-0.01548816	-0.00883849	-0.00134635	0.00041575	-0.01137874	-0.02958496	-0.04145663	-0.04826708	-0.04846644	-0.04883301	-0.05017709	-0.05020281	-0.04808701	-0.04527022	-0.04453065	-0.04362388
-0.04815132	-0.04926389	-0.04965618	-0.05016423	-0.05053723	-0.05027356	-0.04918671	-0.04536669	-0.03979742	-0.02816371	-0.01660716	-0.00009873	0.00801722	0.01204947	0.00928413	0.00563131	0.01120057	0.03032000	0.03910477	0.02134229	-0.00890923	-0.03878132	-0.04727027	-0.04472358	-0.04378466	-0.04691013	-0.04894233	-0.04719953	-0.04536669	-0.04429914	-0.04374607
-0.04954685	-0.04966904	-0.04941823	-0.04990056	-0.04990699	-0.04917385	-0.04562393	-0.04004180	-0.02777784	-0.01006038	0.01877632	0.04348430	0.07127274	0.08390327	0.08205113	0.06624368	0.06790289	0.08216046	0.10093261	0.07902855	0.02113650	-0.02140470	-0.03853694	-0.03190013	-0.03036955	-0.03853694	-0.04714808	-0.04760468	-0.04534096	-0.04500012	-0.04523164
-0.04819634	-0.04921887	-0.04973978	-0.04981052	-0.04902594	-0.04620272	-0.04127013	-0.02977146	-0.01162312	0.02554175	0.06761349	0.12094595	0.16351288	0.20790621	0.21234362	0.18505680	0.15649663	0.15729408	0.16580232	0.13014231	0.06627584	-0.00557796	-0.02072945	-0.01393829	-0.01663288	-0.03354647	-0.04409978	-0.04632491	-0.04458853	-0.04525093	-0.04644710
-0.04844715	-0.04831209	-0.04918028	-0.04936035	-0.04803556	-0.04440203	-0.03527641	-0.01950755	0.00968285	0.05275140	0.12091379	0.18177054	0.26718737	0.32484790	0.34434676	0.31120127	0.24267874	0.21388706	0.19580946	0.16027164	0.07547863	0.01774092	-0.00587379	-0.00040742	-0.01056200	-0.02921839	-0.04473645	-0.04471072	-0.04278142	-0.04330233	-0.04504514
-0.04681367	-0.04711592	-0.04870439	-0.04746963	-0.04525736	-0.03995820	-0.02891614	-0.00354576	0.02835211	0.08665574	0.14905594	0.23307080	0.30708542	0.38261133	0.39757632	0.33396066	0.26313582	0.19294123	0.17313368	0.12924840	0.06955566	0.00912335	-0.00112126	-0.00177723	-0.01275498	-0.03528928	-0.04298078	-0.04122511	-0.03998392	-0.04118009	-0.04166242
-0.04781047	-0.04797125	-0.04845358	-0.04730242	-0.04353385	-0.03745653	-0.01899307	0.00350907	0.04587021	0.09491317	0.16901783	0.22475549	0.29527807	0.33421147	0.33044289	0.27091093	0.16744866	0.12423863	0.10365293	0.08191608	0.03419147	0.00081448	-0.01120510	-0.01339165	-0.02955924	-0.04310297	-0.04480719	-0.03962379	-0.03752084	-0.03777808	-0.03636969
-0.04438917	-0.04647925	-0.04844715	-0.04604838	-0.04255633	-0.03399021	-0.01925674	0.00994009	0.04279618	0.09103527	0.13522281	0.18083162	0.21063940	0.22854336	0.20716665	0.14351883	0.07956233	0.04480909	0.04109839	0.03052579	0.00540622	-0.02015065	-0.02478099	-0.02976503	-0.04022830	-0.04860792	-0.04423483	-0.03655619	-0.03630538	-0.03552079	-0.03261397
-0.04570110	-0.04756610	-0.04824778	-0.04616413	-0.04138588	-0.03543076	-0.01846573	0.00053151	0.03331686	0.06281595	0.09886825	0.11677222	0.11268852	0.09672029	0.05775474	0.01763803	-0.00577732	-0.00413098	0.00434511	-0.00132062	-0.01912812	-0.02924412	-0.03301270	-0.03698707	-0.04498726	-0.04539884	-0.03894210	-0.03561726	-0.03563012	-0.03412526	-0.03029237
-0.04039551	-0.04678794	-0.04837640	-0.04613198	-0.04152737	-0.03527641	-0.02386778	-0.00481910	0.01236459	0.03453875	0.04870629	0.05512445	0.04312416	0.01602384	-0.00720501	-0.02627299	-0.02596430	-0.01440775	-0.01061345	-0.01764899	-0.02662669	-0.03083901	-0.03072325	-0.03402237	-0.03770734	-0.03592595	-0.03274259	-0.03428604	-0.03790027	-0.03691633	-0.03390018
-0.03777808	-0.04676865	-0.04703232	-0.04618986	-0.04160454	-0.03827327	-0.02752060	-0.01931462	-0.00394448	0.00436440	0.01327779	0.01257681	0.00464736	-0.00668410	-0.02171982	-0.02622797	-0.02322468	-0.01843357	-0.01912169	-0.02446587	-0.02935988	-0.02801579	-0.02815084	-0.03084544	-0.03350145	-0.03165575	-0.03245320	-0.03694848	-0.04141804	-0.04058201	-0.03887779
-0.03483911	-0.04671720	-0.04750179	-0.04613841	-0.04394543	-0.03957877	-0.03543719	-0.02786788	-0.02240794	-0.01549459	-0.01376465	-0.01332091	-0.01843357	-0.02345620	-0.02645949	-0.02797078	-0.02779714	-0.03024736	-0.03284549	-0.03413169	-0.03238246	-0.03102551	-0.03325707	-0.03577803	-0.03608029	-0.03682629	-0.04044696	-0.04581043	-0.04752751	-0.04651141	-0.04554676
-0.03843405	-0.04728313	-0.04699374	-0.04700017	-0.04532810	-0.04411907	-0.04116723	-0.03937298	-0.03408024	-0.03142423	-0.02895472	-0.03105767	-0.03238889	-0.03361078	-0.03421530	-0.03501917	-0.03692919	-0.03922506	-0.04013184	-0.03869129	-0.03662693	-0.03656262	-0.03867843	-0.03998392	-0.04089070	-0.04206114	-0.04457567	-0.04842142	-0.04873011	-0.04742461	-0.04683939
-0.03748869	-0.04764970	-0.04714808	-0.04802913	-0.04712236	-0.04653070	-0.04582972	-0.04511588	-0.04272354	-0.04058844	-0.04070420	-0.04005466	-0.04063989	-0.04114794	-0.04132157	-0.04182963	-0.04305152	-0.04426698	-0.04391328	-0.04289717	-0.04321873	-0.04400974	-0.04454995	-0.04416409	-0.04436345	-0.04559177	-0.04669791	-0.04682010	-0.04561107	-0.04465284	-0.04534739
-0.04106433	-0.04814489	-0.04806128	-0.04891018	-0.04890375	-0.04856290	-0.04807415	-0.04868509	-0.04732815	-0.04669791	-0.04529595	-0.04514160	-0.04382967	-0.04345667	-0.04410621	-0.04488436	-0.04563679	-0.04627346	-0.04660144	-0.04653070	-0.04725741	-0.04754037	-0.04682010	-0.04638922	-0.04516089	-0.04557891	-0.04554676	-0.04469786	-0.04372678	-0.04384897	-0.04492938
-0.04263993	-0.04873011	-0.04733458	-0.04868509	-0.04895520	-0.04880728	-0.04927032	-0.04952113	-0.04930247	-0.04892304	-0.04892947	-0.04763684	-0.04714808	-0.04648568	-0.04693586	-0.04743748	-0.04858220	-0.04971406	-0.05003561	-0.05025426	-0.05022854	-0.04994557	-0.04970763	-0.04863365	-0.04743748	-0.04625417	-0.04501298	-0.04474931	-0.04597763	-0.04683296	-0.04638279
-0.04701946	-0.04927032	-0.04860149	-0.04992628	-0.04995844	-0.05010635	-0.05018352	-0.05042147	-0.04997773	-0.04960473	-0.04898735	-0.04911597	-0.04865937	-0.04860149	-0.04885873	-0.04931533	-0.04970120	-0.05022854	-0.05029285	-0.05031214	-0.05078804	-0.05103885	-0.05067871	-0.05032500	-0.04888446	-0.04818991	-0.04739246	-0.04814489	-0.04894877	-0.04822206	-0.04656286
-0.04590689	-0.04907739	-0.04822849	-0.05015137	-0.05026712	-0.05024140	-0.05024140	-0.05002275	-0.05042147	-0.05035716	-0.04956614	-0.04917385	-0.04940537	-0.05016423	-0.05041504	-0.05073659	-0.05085878	-0.05047292	-0.05018995	-0.04992628	-0.05042790	-0.05086521	-0.05049221	-0.04928318	-0.04879442	-0.04829923	-0.04952756	-0.05041504	-0.05038288	-0.04973978	-0.04885873
-0.04889732	-0.05007419	-0.04968190	-0.05124464	-0.05107743	-0.05075588	-0.05040861	-0.05015780	-0.05039575	-0.04974621	-0.04987483	-0.05025426	-0.04997130	-0.04998416	-0.05035073	-0.05060797	-0.05019638	-0.04926389	-0.04883944	-0.04907739	-0.04975264	-0.05012564	-0.04968190	-0.04909668	-0.04838284	-0.04905809	-0.05057581	-0.05065299	-0.05009349	-0.04976551	-0.05055652
-0.04865937	-0.04961759	-0.04932176	-0.05055652	-0.05082019	-0.05067228	-0.05123821	-0.05045362	-0.05017709	-0.04972692	-0.04959187	-0.04972692	-0.05013850	-0.05029928	-0.05057581	-0.05034430	-0.04970120	-0.04869152	-0.04882658	-0.04918028	-0.04971406	-0.04943752	-0.04914170	-0.04853075	-0.04825422	-0.04930247	-0.04983625	-0.05034430	-0.05060797	-0.05091666	-0.05125750
-0.04972692	-0.05012564	-0.05039575	-0.05085878	-0.05070443	-0.05098097	-0.05058224	-0.05062726	-0.05025426	-0.05037002	-0.05014494	-0.05014494	-0.05008706	-0.04991985	-0.04977837	-0.04945039	-0.04864651	-0.04854361	-0.04918028	-0.04966904	-0.05058868	-0.05007419	-0.05009992	-0.05022854	-0.04988769	-0.05035716	-0.05033144	-0.05039575	-0.05052437	-0.05052437	-0.05018352
-0.05003561	-0.05047935	-0.05036359	-0.05098740	-0.05114174	-0.05100669	-0.05061440	-0.05045362	-0.05028642	-0.04991985	-0.05035716	-0.05050507	-0.05056938	-0.05044076	-0.05000988	-0.04933463	-0.04892304	-0.04870439	-0.04948254	-0.05053080	-0.05137326	-0.05094881	-0.05069800	-0.05057581	-0.05048578	-0.05049221	-0.05045362	-0.05103242	-0.05064656	-0.05032500	-0.05044076
-0.05011278	-0.05023497	-0.05039575	-0.05038931	-0.05044076	-0.05068514	-0.05103885	-0.05084592	-0.05071730	-0.05096811	-0.05128323	-0.05106457	-0.05083949	-0.05060797	-0.05019638	-0.05003561	-0.04963688	-0.05010635	-0.05091666	-0.05129609	-0.05169481	-0.05149545	-0.05145043	-0.05078804	-0.05078804	-0.05093595	-0.05076874	-0.05056295	-0.05074302	-0.05040861	-0.05059511
-0.05043433	-0.05074302	-0.05077518	-0.05106457	-0.05117390	-0.05099383	-0.05139898	-0.05118033	-0.05109673	-0.05087807	-0.05063369	-0.05103242	-0.05138612	-0.05097454	-0.05083305	-0.05050507	-0.05074945	-0.05133467	-0.05143114	-0.05116104	-0.05101955	-0.05103242	-0.05102599	-0.05123178	-0.05109030	-0.05086521	-0.05099383	-0.05108386	-0.05115461	-0.05107743	-0.05146329
-0.05101955	-0.05130895	-0.05096168	-0.05092309	-0.05104528	-0.05127680	-0.05127680	-0.05132181	-0.05168195	-0.05137969	-0.05105814	-0.05087807	-0.05042790	-0.05036359	-0.05008063	-0.05009349	-0.05083949	-0.05074302	-0.05112888	-0.05103885	-0.05075588	-0.05082662	-0.05092952	-0.05076231	-0.05099383	-0.05078161	-0.05046649	-0.05094881	-0.05116747	-0.05149545	-0.05158548
-0.05089736	-0.05089093	-0.05075588	-0.05089093	-0.05047935	-0.05110959	-0.05130895	-0.05100669	-0.05094238	-0.05103885	-0.05128323	-0.05139898	-0.05123178	-0.05069800	-0.05076231	-0.05092309	-0.05089093	-0.05094881	-0.05078161	-0.05084592	-0.05072373	-0.05076231	-0.05087807	-0.05142471	-0.05118676	-0.05126393	-0.05132824	-0.05177841	-0.05132181	-0.05124464	-0.05102599
-0.05116747	-0.05117390	-0.05096811	-0.05091666	-0.05111602	-0.05110316	-0.05066585	-0.05109673	-0.05085878	-0.05068514	-0.05089736	-0.05072373	-0.05061440	-0.05055009	-0.05054366	-0.05077518	-0.05108386	-0.05096811	-0.05100026	-0.05065299	-0.05112888	-0.05141828	-0.05109673	-0.05106457	-0.05093595	-0.05089093	-0.05088450	-0.05111602	-0.05101312	-0.05068514	-0.05114174
