-0.04691013	-0.04662074	-0.04945682	-0.04908382	-0.04767542	-0.04901951	-0.04869796	-0.04865937	-0.04912883	-0.04793266	-0.04728313	-0.04694872	-0.04633134	-0.04563036	-0.04503227	-0.04506443	-0.04393257	-0.04296149	-0.04222835	-0.04337307	-0.04629918	-0.04853075	-0.05040861	-0.05081376	-0.05002918	-0.04960473	-0.04952113	-0.04942466	-0.04928961	-0.04946325	-0.04966261
-0.04500012	-0.04972692	-0.04973978	-0.05027356	-0.05026069	-0.05015780	-0.04990699	-0.04936035	-0.04864651	-0.04727670	-0.04501298	-0.04319300	-0.04196468	-0.04035049	-0.03952089	-0.03822182	-0.03678770	-0.03523783	-0.03489055	-0.03754013	-0.04182319	-0.04659501	-0.04947611	-0.05020925	-0.04975264	-0.04842785	-0.04770115	-0.04806128	-0.04827994	-0.04836354	-0.04900021
-0.04993271	-0.04982338	-0.05016423	-0.05031214	-0.05010635	-0.04984268	-0.04928318	-0.04782977	-0.04438917	-0.04060773	-0.03668481	-0.03309630	-0.03067180	-0.02921839	-0.02846596	-0.02819586	-0.02622797	-0.02472311	-0.02606076	-0.02956567	-0.03662050	-0.04254347	-0.04799054	-0.04961759	-0.04978480	-0.04811273	-0.04599050	-0.04541170	-0.04599050	-0.04665289	-0.04689727
-0.04507086	-0.04971406	-0.05001632	-0.05006776	-0.05029928	-0.04847930	-0.04602265	-0.04133444	-0.03588736	-0.02715404	-0.02002203	-0.01196396	-0.00910859	-0.00618891	-0.00470334	-0.00218238	-0.00029166	-0.00038813	-0.00467119	-0.01583544	-0.02845310	-0.04051127	-0.04578470	-0.04856934	-0.04891661	-0.04728956	-0.04559820	-0.04399688	-0.04410621	-0.04453065	-0.04422197
-0.04923816	-0.04875583	-0.04918028	-0.04823492	-0.04843428	-0.04603551	-0.04064632	-0.03294839	-0.02017638	-0.00907000	0.00583710	0.01248678	0.02005609	0.02150307	0.02059630	0.02077636	0.02199826	0.02302079	0.01452541	-0.00311488	-0.02741128	-0.03918648	-0.04407405	-0.04458210	-0.04656929	-0.04791980	-0.04588117	-0.04319300	-0.04209330	-0.04287145	-0.04200326
-0.04424769	-0.04696801	-0.04852432	-0.04596477	-0.04384253	-0.03741151	-0.02802222	-0.01168100	0.00496891	0.02858362	0.04680271	0.06283524	0.06900902	0.06540122	0.05377393	0.04061606	0.03891827	0.04209520	0.03650664	0.00818443	-0.02101241	-0.04140518	-0.03973954	-0.03487769	-0.03974597	-0.04689084	-0.04707091	-0.04333448	-0.04236340	-0.04294219	-0.04357886
-0.04750179	-0.04586188	-0.04703875	-0.04377822	-0.03879418	-0.02984220	-0.01307653	0.00607505	0.03510468	0.06053937	0.09293242	0.11277212	0.12059867	0.11190393	0.08819276	0.06339474	0.05131728	0.05576112	0.05196682	0.02354813	-0.02262660	-0.03739865	-0.02972001	-0.02213784	-0.03125703	-0.04450493	-0.04886516	-0.04377822	-0.04143733	-0.04400331	-0.04626703
-0.04619629	-0.04386183	-0.04643424	-0.03925079	-0.03351432	-0.02002203	0.00012636	0.03286025	0.06359410	0.10771734	0.14147377	0.17050983	0.18269661	0.17239412	0.14367318	0.09594857	0.07132419	0.06847525	0.06640446	0.03122677	-0.00970668	-0.03105123	-0.01774545	-0.00737865	-0.02171982	-0.04440846	-0.04777832	-0.04116723	-0.03916075	-0.04319943	-0.04758539
-0.04481362	-0.04366247	-0.04495510	-0.03703208	-0.02511540	-0.00979671	0.01967666	0.05254561	0.09618009	0.13755084	0.18342332	0.21305103	0.22707709	0.21636301	0.16804675	0.12517756	0.08028903	0.07057819	0.06185773	0.03523973	-0.01024045	-0.02078089	-0.00540432	0.00067299	-0.02148831	-0.04236340	-0.04678794	-0.03963665	-0.03649831	-0.04114794	-0.04677508
-0.04371391	-0.04094214	-0.04437631	-0.03247249	-0.02042076	0.00044148	0.02599192	0.07334996	0.11294576	0.16407237	0.19710210	0.22091617	0.22631823	0.20871009	0.17460639	0.11437988	0.07461044	0.05220476	0.04457757	0.01643543	-0.01047197	-0.01980338	-0.00613103	-0.00515351	-0.02594500	-0.04730242	-0.04415122	-0.03364937	-0.03370081	-0.04058201	-0.04427984
-0.04074921	-0.04040194	-0.04106433	-0.02924412	-0.01280643	0.00570848	0.03945848	0.07606385	0.12141541	0.15503036	0.18438797	0.18991865	0.17310796	0.15046433	0.11031547	0.07587735	0.04055175	0.03152260	0.02306581	0.00438369	-0.02165551	-0.02245296	-0.01132086	-0.01529523	-0.03826041	-0.04766256	-0.03908358	-0.03175222	-0.03381014	-0.03948873	-0.04209330
-0.03902570	-0.03894210	-0.04161740	-0.02990008	-0.01242057	0.00857029	0.03650664	0.07614746	0.10727360	0.13659262	0.14652212	0.13798815	0.11477860	0.07157500	0.03552270	0.00470524	-0.00395734	-0.00339784	-0.00709568	-0.02009277	-0.03032453	-0.02781000	-0.02198349	-0.02853027	-0.04175245	-0.04519948	-0.03590022	-0.02984863	-0.03498702	-0.04115437	-0.04033120
-0.03625393	-0.03984244	-0.03838903	-0.03096120	-0.00969381	0.00548340	0.03451303	0.05565179	0.08051412	0.09181985	0.09181985	0.07736292	0.04709853	0.01667337	-0.01092214	-0.02445301	-0.02188060	-0.01656214	-0.01825993	-0.02772640	-0.03249178	-0.02735340	-0.02300603	-0.02969429	-0.03827327	-0.03590665	-0.02975860	-0.03141780	-0.03932153	-0.04190680	-0.04001608
-0.03226670	-0.03772663	-0.03671696	-0.02617652	-0.01429199	0.00332900	0.01940656	0.04040384	0.04902141	0.05632705	0.05020472	0.03612078	0.01687917	-0.00683844	-0.01817633	-0.02153332	-0.01872940	-0.01710235	-0.02218929	-0.02876822	-0.02666528	-0.02039503	-0.02134682	-0.02825374	-0.03251108	-0.03150784	-0.03085830	-0.03730862	-0.04263350	-0.04439560	-0.04256276
-0.03606743	-0.03860125	-0.03644043	-0.03193228	-0.01980338	-0.00943657	0.00564417	0.01511063	0.02509801	0.02797911	0.02376679	0.01204947	-0.00086402	-0.00941085	-0.01535311	-0.01544958	-0.01708949	-0.02093524	-0.02698040	-0.02800936	-0.02387421	-0.02130181	-0.02566204	-0.03120558	-0.03482624	-0.03423459	-0.03683915	-0.04220906	-0.04722525	-0.04750822	-0.04579113
-0.02957210	-0.03952089	-0.03665908	-0.03566871	-0.02765565	-0.01769400	-0.01144948	-0.00332710	0.00093666	0.00318109	-0.00092833	-0.00642685	-0.01152665	-0.01503156	-0.01710878	-0.01973907	-0.02362984	-0.02988079	-0.03301913	-0.03166218	-0.02939846	-0.03072325	-0.03564941	-0.04103218	-0.04203542	-0.04162383	-0.04378466	-0.04808058	-0.04981695	-0.04907096	-0.04822849
-0.03154642	-0.04171387	-0.03668481	-0.03961735	-0.03328923	-0.02954638	-0.02186131	-0.01725026	-0.01328875	-0.01301222	-0.01448492	-0.01664575	-0.01944324	-0.02143686	-0.02317323	-0.02568776	-0.03120558	-0.03493557	-0.03649188	-0.03490342	-0.03512207	-0.03762374	-0.04263993	-0.04516089	-0.04476217	-0.04425412	-0.04573969	-0.04768829	-0.04845358	-0.04783620	-0.04691656
-0.03482624	-0.04199683	-0.03635683	-0.04146306	-0.03853051	-0.03365580	-0.03058820	-0.02885182	-0.02673602	-0.02630514	-0.02641447	-0.02733410	-0.02781643	-0.02920553	-0.03147568	-0.03377156	-0.03680057	-0.03932796	-0.03982958	-0.04081352	-0.04202256	-0.04470429	-0.04620915	-0.04572682	-0.04433129	-0.04359173	-0.04384253	-0.04509015	-0.04509015	-0.04514803	-0.04388112
-0.03463331	-0.04265923	-0.03783596	-0.04439560	-0.04271711	-0.04245987	-0.04004823	-0.03967523	-0.03730862	-0.03632467	-0.03540504	-0.03474907	-0.03424745	-0.03440823	-0.03606100	-0.03803532	-0.04152094	-0.04313512	-0.04469143	-0.04543100	-0.04634420	-0.04700017	-0.04689727	-0.04606767	-0.04389398	-0.04227980	-0.04182963	-0.04276212	-0.04389398	-0.04360459	-0.04211902
-0.03964308	-0.04463355	-0.03847906	-0.04590046	-0.04539241	-0.04494224	-0.04447277	-0.04472358	-0.04371391	-0.04175888	-0.04070420	-0.03977813	-0.03904499	-0.03981028	-0.04131514	-0.04363674	-0.04505157	-0.04669148	-0.04712236	-0.04734744	-0.04800984	-0.04878799	-0.04871725	-0.04824778	-0.04653713	-0.04474931	-0.04439560	-0.04605481	-0.04640208	-0.04546315	-0.04391328
-0.04134730	-0.04579113	-0.04282000	-0.04799697	-0.04812559	-0.04827351	-0.04784263	-0.04776546	-0.04613198	-0.04577827	-0.04506443	-0.04433129	-0.04431843	-0.04499369	-0.04579113	-0.04674936	-0.04786835	-0.04808058	-0.04818347	-0.04830566	-0.04883301	-0.05000345	-0.05082019	-0.04989413	-0.04888446	-0.04787479	-0.04795196	-0.04883944	-0.04943752	-0.04761111	-0.04613841
-0.04251131	-0.04747606	-0.04370105	-0.04895520	-0.04906452	-0.04918671	-0.04917385	-0.04913527	-0.04873011	-0.04806128	-0.04739246	-0.04697444	-0.04709020	-0.04766899	-0.04838927	-0.04904523	-0.04892947	-0.04861435	-0.04867866	-0.05000345	-0.05039575	-0.05126393	-0.05108386	-0.04993271	-0.04889732	-0.04916099	-0.05038288	-0.05055652	-0.04993914	-0.04881371	-0.04826708
-0.04483934	-0.04799054	-0.04599050	-0.04896163	-0.04936678	-0.04939894	-0.04895520	-0.04891018	-0.04883301	-0.04837640	-0.04855004	-0.04894877	-0.04907096	-0.04943109	-0.04972049	-0.04970763	-0.04961759	-0.04920601	-0.04901308	-0.04988126	-0.05074302	-0.05075588	-0.04926389	-0.04858863	-0.04857577	-0.04930890	-0.05004204	-0.05033787	-0.05013207	-0.05033144	-0.05017066
-0.04710949	-0.04873654	-0.04588760	-0.04960473	-0.04968190	-0.04952113	-0.04903880	-0.04913527	-0.04874940	-0.04925102	-0.04915456	-0.04875583	-0.04960473	-0.05031214	-0.05053080	-0.04981695	-0.04912240	-0.04910311	-0.04934749	-0.04996487	-0.05062083	-0.05017066	-0.04882015	-0.04789408	-0.04817704	-0.04975907	-0.05035716	-0.05067871	-0.05115461	-0.05090380	-0.05036359
-0.04710306	-0.04923816	-0.04829923	-0.04993271	-0.04972692	-0.04954685	-0.04982338	-0.04961116	-0.04936678	-0.04951470	-0.05003561	-0.05018352	-0.05029285	-0.05051793	-0.04997130	-0.04955971	-0.04867223	-0.04905166	-0.04969476	-0.05016423	-0.05035716	-0.04968833	-0.04881371	-0.04836354	-0.04867866	-0.04892947	-0.04972049	-0.05013207	-0.05069157	-0.05036359	-0.04970120
-0.04732815	-0.04981695	-0.04926389	-0.04988769	-0.04999059	-0.04938608	-0.04966904	-0.04964332	-0.04987483	-0.05026069	-0.05049221	-0.05022211	-0.05050507	-0.05028642	-0.04970120	-0.04865294	-0.04858863	-0.04925102	-0.04993271	-0.05059511	-0.05046006	-0.04972049	-0.04936035	-0.04930890	-0.04982338	-0.05044076	-0.05052437	-0.05059511	-0.05051793	-0.05002275	-0.05006776
-0.04883944	-0.05047935	-0.05017709	-0.05035716	-0.05069800	-0.05035073	-0.05000345	-0.05006776	-0.05022211	-0.05024783	-0.05043433	-0.05091666	-0.05012564	-0.04970120	-0.04954685	-0.04886516	-0.04895520	-0.04959187	-0.05042147	-0.05073016	-0.05062726	-0.05035716	-0.04993271	-0.04977194	-0.04954042	-0.05061440	-0.05105814	-0.05119962	-0.05123178	-0.05100026	-0.05092309
-0.04943109	-0.05078804	-0.05058868	-0.05053080	-0.05025426	-0.05023497	-0.05026712	-0.05057581	-0.05068514	-0.05058224	-0.05047292	-0.05062083	-0.05037645	-0.04972692	-0.04957257	-0.04930890	-0.04943752	-0.05063369	-0.05061440	-0.05044719	-0.05035716	-0.04985554	-0.05024783	-0.05057581	-0.05101312	-0.05154690	-0.05168838	-0.05143114	-0.05118676	-0.05115461	-0.05096168
-0.05009992	-0.05029928	-0.04999059	-0.05030571	-0.05064656	-0.05105814	-0.05103885	-0.05094238	-0.05109673	-0.05104528	-0.05084592	-0.05079447	-0.05000345	-0.04961116	-0.04936035	-0.04970120	-0.05020281	-0.05063369	-0.05128323	-0.05114174	-0.05079447	-0.05090380	-0.05107100	-0.05088450	-0.05117390	-0.05112245	-0.05067228	-0.05081376	-0.05084592	-0.05089093	-0.05093595
-0.05062083	-0.05042790	-0.05049221	-0.05078804	-0.05069800	-0.05078161	-0.05118676	-0.05105171	-0.05096811	-0.05141185	-0.05053080	-0.05000345	-0.04971406	-0.04963688	-0.04958544	-0.05056938	-0.05074302	-0.05091023	-0.05089093	-0.05073016	-0.05072373	-0.05071730	-0.05022854	-0.05063369	-0.05062726	-0.05079447	-0.05110959	-0.05092309	-0.05068514	-0.05131538	-0.05119319
-0.05105171	-0.05094238	-0.05072373	-0.05081376	-0.05129609	-0.05168195	-0.05131538	-0.05080090	-0.05078804	-0.05077518	-0.05094238	-0.05088450	-0.05011921	-0.05006133	-0.05055009	-0.05089093	-0.05119962	-0.05125107	-0.05104528	-0.05085235	-0.05097454	-0.05087164	-0.05082662	-0.05103242	-0.05085235	-0.05095524	-0.05152117	-0.05143114	-0.05094238	-0.05053080	-0.05075588
